-0.003550658
0.002112031
0.063396886
0.0907022
0.020562917
-0.0019476619
0.10224033
0.062255368
-0.00921765
0.0067901686
0.04763488
0.167494
0.018336892
0.003578689
0.16038346
0.08672944
0.05409105
-0.0049865637
0.1964062
0.05458329
0.032031972
0.03834326
0.13619153
0.13873267
0.04278732
0.015587643
0.21199143
0.103710085
0.063500404
0.003433574
0.26762742
0.06615901
0.07289149
0.043333896
0.1725761
0.13041455
0.114055425
0.021660846
0.23385897
0.08274895
0.13001928
0.0073037967
0.30591115
0.053377558
0.1357464
0.043901846
0.21074478
0.10811265
0.17869288
0.013593797
0.29154044
0.077897325
0.17427725
0.0012596492
0.3544004
0.045883223
0.20063092
0.035304397
0.2682325
0.10582085
0.23496296
-0.0012061186
0.34775722
0.0678145
0.21834396
-0.009607484
0.40158004
0.037188124
0.25609177
0.018051062
0.32308078
0.090230614
0.2889304
-0.0034746155
0.40191832
0.068720184
0.28344485
-0.010000687
0.44942454
0.03767607
0.30555356
0.015085366
0.37700063
0.08854525
0.3445421
-0.0050828233
0.4547044
0.064804174
0.35035825
-0.010718792
0.50618154
0.0377707
0.35800332
0.014077622
0.42701334
0.081320494
0.39717367
-0.005082831
0.50733596
0.06480415
0.40298986
-0.010718796
0.5588131
0.037770674
0.41063493
0.014077615
0.47964495
0.08132048
0.4498053
-0.0050828215
0.5599676
0.06480416
0.45562145
-0.010718784
0.6114448
0.037770692
0.4632665
0.014077626
0.5322765
0.08132049
0.50243694
-0.0050828326
0.6125992
0.06480417
0.5082531
-0.01071878
0.6640763
0.03777068
0.51589805
0.014077622
0.58490807
0.08132048
0.55506843
-0.0050828233
0.6652307
0.06480415
0.5608846
-0.010718788
0.7167078
0.03777068
0.56852967
0.014077589
0.6375397
0.081320465
0.60781395
-0.005112799
0.71828496
0.06481305
0.61379147
-0.010710266
0.77020943
0.037753243
0.62107265
0.0140500665
0.6902896
0.08160575
0.66444236
-0.0050985403
0.7843664
0.066558644
0.65737736
-0.010605425
0.8473648
0.040109172
0.6748718
0.016156506
0.7404249
0.08426024
0.7113848
-0.0009317342
0.82091224
0.0592907
0.6918527
-0.0064569507
0.8969848
0.039738074
0.729898
0.018690081
0.78778803
0.076021165
0.7506528
0.003929414
0.8775132
0.07073035
0.73555374
-0.00401059
0.9313173
0.043538608
0.7772356
0.025717784
0.8509079
0.09592584
0.78283954
0.0065665357
0.93518937
0.079075575
0.78995025
-0.005202826
0.95966375
0.051042035
0.82314575
0.037539862
0.9183408
0.104436375
0.8474715
-0.011469636
1.0032598
0.092301294
0.8587537
-0.010906272
1.0075427
0.05331348
0.86201656
-0.0027341694
0.9949453
0.12274316
0.89263093
-0.016135527
1.0009724
0.07399687
0.90932876
-0.01672608
1.0265553
0.060146775
0.9253992
-0.008450501
0.99866414
0.09208388
-0.018318607
0.010763034
0.06581123
0.19166361
0.010991022
0.0284382
0.08616738
0.12972468
-0.007140372
-0.017922044
0.05206861
0.28072074
-0.008991882
0.002057597
0.19310981
0.21145423
0.00361415
0.006974384
0.2172625
0.16785586
0.00010740012
-0.011427365
0.17998448
0.22904977
0.004141353
0.03044369
0.23457256
0.21207076
0.03922651
0.025601014
0.26988807
0.16689824
0.034678444
0.056312002
0.18487558
0.20740804
0.056531966
0.053121947
0.2669828
0.18655092
0.061890766
0.033508163
0.31702667
0.14790545
0.103020765
0.07579613
0.22682923
0.189372
0.13001108
0.0524164
0.31441745
0.17993926
0.098443285
0.035878934
0.35652095
0.13527352
0.17715031
0.06305398
0.27887046
0.18680702
0.19316252
0.029848762
0.37561035
0.18279028
0.13623987
0.023884133
0.41652572
0.13435219
0.23239179
0.031128645
0.34767425
0.19014767
0.26269543
0.038857333
0.42831826
0.17990556
0.2374385
0.030666556
0.4571545
0.13219462
0.2817053
0.0437356
0.4015067
0.19005957
0.31455562
0.04004939
0.47911105
0.17553681
0.299538
0.03480856
0.5041256
0.13526015
0.33422175
0.045384876
0.44955167
0.1842731
0.3671872
0.040049404
0.5317426
0.17553681
0.3521696
0.034808572
0.5567572
0.13526015
0.38685334
0.04538489
0.50218326
0.1842731
0.41981876
0.040049396
0.5843742
0.17553681
0.4048012
0.034808576
0.60938877
0.13526016
0.4394849
0.045384854
0.5548148
0.18427306
0.47245038
0.04004938
0.6370058
0.17553678
0.4574328
0.034808576
0.6620204
0.13526015
0.49211645
0.04538484
0.60744643
0.18427308
0.5250819
0.040049404
0.6896373
0.1755368
0.5100643
0.03480858
0.7146519
0.13526015
0.5447481
0.04538487
0.660078
0.18427308
0.57756484
0.039671585
0.7427354
0.17559904
0.5627621
0.034430698
0.76798314
0.13496505
0.5971103
0.044601202
0.7127081
0.18434711
0.62695354
0.027389474
0.83153754
0.18205667
0.6009465
0.028340843
0.87730783
0.13713951
0.651476
0.031541243
0.7684108
0.18332826
0.6654708
0.041936696
0.86883765
0.17191742
0.6241752
0.029668871
0.93883073
0.14403336
0.69986516
0.051784303
0.810497
0.17336756
0.7029859
0.045837007
0.93288136
0.18361253
0.6785009
0.029236391
0.9553244
0.1530212
0.7310744
0.05116959
0.9035892
0.18616895
0.730621
0.03911715
0.9772264
0.17606792
0.7207095
0.01609382
0.9594224
0.15898183
0.7794694
0.06175622
0.9612937
0.17355204
0.82451755
0.006368883
0.9979648
0.18939123
0.80428374
0.013048433
0.99221396
0.14775342
0.839878
-0.007753223
1.0024843
0.19228196
0.8778634
-0.02371528
1.0156231
0.16643044
0.9095086
0.0059412494
1.0413662
0.14090547
0.9131308
-0.026892543
1.003204
0.17867018
-0.0075059887
0.05009988
0.06548421
0.25287163
0.031991914
0.0808177
0.095069006
0.17425108
-0.0020070653
0.008710831
0.0524512
0.36004826
-0.0006028637
0.01781112
0.19177794
0.27386555
0.015215255
0.033852756
0.21617311
0.20290215
0.0036821812
0.0035188794
0.18317372
0.31512785
-0.000533998
0.01791323
0.24199976
0.2645969
0.034115992
0.026853725
0.26174387
0.20367266
0.01563505
0.0429248
0.20859933
0.26229873
0.057697594
0.076211296
0.25880417
0.23882657
0.081770435
0.058319785
0.29464966
0.18880928
0.07947132
0.097468495
0.24546468
0.2520564
0.13847512
0.09441421
0.299867
0.22346297
0.13428536
0.07503172
0.33435342
0.1734998
0.16964363
0.11698682
0.27732915
0.24243143
0.19406503
0.07532767
0.3724234
0.23730305
0.15143353
0.06737244
0.41194034
0.18037441
0.23195162
0.09034186
0.3464155
0.24381268
0.2525467
0.078220144
0.42370024
0.2381172
0.223943
0.07174941
0.44738543
0.18108627
0.27877355
0.08728799
0.3983342
0.23855045
0.30725375
0.08279013
0.472452
0.22986344
0.2947284
0.07360558
0.49665517
0.17939086
0.3328557
0.098085895
0.4447599
0.23017876
0.35988533
0.08279014
0.52508354
0.22986346
0.34736001
0.07360558
0.5492867
0.17939086
0.38548726
0.09808587
0.49739152
0.23017877
0.4125169
0.08279012
0.57771516
0.22986345
0.39999157
0.07360558
0.6019183
0.17939086
0.43811885
0.09808587
0.5500231
0.23017874
0.46514857
0.08279013
0.6303468
0.22986344
0.45262325
0.0736056
0.65454996
0.17939085
0.49075037
0.09808584
0.60265464
0.23017874
0.51778007
0.08279012
0.6829783
0.22986345
0.5052547
0.07360559
0.7071814
0.17939085
0.54338205
0.098085836
0.6552862
0.23017876
0.56974936
0.08157431
0.7366651
0.23046392
0.55678844
0.07294439
0.7622751
0.17952864
0.5954526
0.0960685
0.7072795
0.2302979
0.617121
0.059168883
0.8243307
0.23878616
0.5896808
0.063627854
0.8650751
0.18367083
0.6464663
0.068714835
0.7680717
0.233062
0.6714119
0.0748849
0.85572433
0.21401668
0.6313603
0.057636175
0.90935457
0.17859836
0.7011936
0.0996367
0.81792116
0.22319454
0.7078021
0.05567143
0.94266087
0.23633802
0.6930372
0.042241707
0.9561265
0.19147062
0.7210864
0.07226591
0.92546237
0.24340896
0.71944237
0.05492863
0.98233855
0.25916243
0.73491126
0.036476105
0.94919723
0.20994376
0.74758124
0.085480005
0.9761323
0.24785379
0.8146186
0.048481353
0.9911032
0.2891277
0.81881696
0.04370819
0.98722893
0.20181061
0.8237843
0.053783953
1.0001495
0.30890208
0.8880385
0.059549443
1.0128261
0.2751846
0.9312062
0.06379196
1.0369803
0.19199958
0.92264384
0.06415042
1.000292
0.33624366
-0.0007376261
0.10469973
0.054697063
0.28320774
0.04478348
0.14838079
0.09211873
0.22512147
0.006053509
0.05932136
0.04564049
0.3873301
0.01348687
0.06948376
0.16367325
0.30734247
0.035786577
0.11261384
0.19967198
0.24910872
0.017613977
0.050750285
0.1556405
0.3675784
0.034185775
0.07315334
0.21932161
0.305465
0.055047408
0.09972459
0.25218433
0.25695252
0.04778026
0.090704285
0.19137314
0.31611267
0.08960697
0.10993009
0.25379312
0.27629772
0.12241902
0.11081676
0.29914045
0.24489085
0.100578286
0.11804105
0.23699942
0.29109663
0.16836882
0.1154498
0.3118588
0.25956714
0.18964784
0.12559225
0.3433988
0.23443507
0.18227208
0.124170266
0.286451
0.2767937
0.22612897
0.10560272
0.37419704
0.26535788
0.22519517
0.1174556
0.4107936
0.24094024
0.23686586
0.10035015
0.35631177
0.2706895
0.26683727
0.09876218
0.43155494
0.26902097
0.265976
0.11402951
0.46157163
0.24502076
0.2774609
0.095789485
0.41387835
0.2675542
0.31841996
0.111790344
0.48330024
0.2631395
0.32992738
0.11934707
0.51569045
0.24515802
0.3316835
0.11884302
0.46059045
0.2605159
0.37105158
0.111790344
0.53593177
0.2631395
0.38255903
0.119347095
0.568322
0.24515802
0.38431504
0.11884303
0.51322204
0.2605159
0.42368314
0.11179035
0.5885633
0.2631395
0.43519062
0.11934708
0.6209536
0.24515803
0.43694663
0.11884302
0.5658536
0.2605159
0.4763148
0.11179035
0.641195
0.2631395
0.48782223
0.11934709
0.67358524
0.24515802
0.48957813
0.11884302
0.6184852
0.26051587
0.5289462
0.11179037
0.6938265
0.26313952
0.54045373
0.11934708
0.72621673
0.24515803
0.5422098
0.11884305
0.67111677
0.2605159
0.5811259
0.11014848
0.74650055
0.26349577
0.59245443
0.11870653
0.7806053
0.24497223
0.59439236
0.116199575
0.7219047
0.26057762
0.62077886
0.091008924
0.82197124
0.2708578
0.61509013
0.10931231
0.8676317
0.24631874
0.64258194
0.091191635
0.7778616
0.2695471
0.69141144
0.11007098
0.8240295
0.2460761
0.676989
0.11165383
0.87133414
0.2424196
0.6987637
0.11170167
0.8162309
0.25923032
0.7276009
0.06636911
0.94160503
0.2827254
0.72755265
0.096743755
0.9498168
0.25771928
0.73086
0.053702697
0.93506587
0.28749353
0.7551749
0.118188076
0.9517077
0.2995988
0.7623045
0.10820251
0.9321558
0.26203832
0.78268886
0.14159003
0.9504039
0.30629694
0.8287077
0.09795744
0.99596465
0.3375637
0.8463996
0.11457323
0.98294586
0.25880954
0.8271591
0.07999356
1.0119159
0.4077344
0.89631885
0.11160721
0.99142283
0.3154568
0.9378318
0.12418689
1.0169184
0.2326562
0.9321935
0.09971693
0.9926654
0.42740574
0.000970969
0.16406347
0.05985208
0.31865942
0.04130301
0.20307946
0.095457405
0.2773143
0.005842073
0.121960685
0.042974256
0.37546402
0.021347381
0.12085984
0.14625913
0.33674923
0.052266568
0.17867589
0.18003884
0.29374748
0.021428417
0.07618229
0.14198193
0.37550265
0.059651412
0.14327267
0.2023732
0.33140635
0.078349635
0.17027919
0.23784728
0.30315942
0.069332525
0.15615064
0.18325432
0.3508913
0.094789624
0.1426171
0.25515577
0.32071108
0.120754205
0.16270709
0.2999629
0.29282174
0.10897831
0.15147492
0.23611695
0.34650946
0.1726628
0.15347472
0.31302607
0.3080114
0.19045654
0.17505172
0.33926603
0.27975887
0.18676424
0.16881008
0.28629357
0.33839262
0.23132691
0.14609504
0.37194803
0.31556454
0.23045318
0.16567144
0.40080583
0.2834652
0.24089576
0.1471371
0.35648802
0.33726215
0.27481383
0.14305376
0.42837542
0.3174209
0.27964213
0.16389763
0.45200214
0.2852575
0.28455973
0.14900321
0.41117525
0.32909644
0.32896408
0.15495831
0.47941408
0.31012177
0.34667367
0.16894561
0.5044553
0.28363407
0.33864805
0.16638914
0.46034327
0.31897557
0.38159567
0.15495832
0.5320456
0.31012177
0.39930522
0.16894561
0.5570869
0.28363407
0.39127964
0.16638914
0.5129749
0.31897557
0.43422723
0.15495831
0.5846772
0.31012174
0.45193678
0.16894561
0.6097185
0.28363407
0.44391122
0.16638914
0.5656065
0.31897557
0.48685887
0.15495831
0.6373088
0.31012174
0.5045684
0.16894561
0.6623501
0.28363407
0.49654275
0.16638915
0.61823803
0.31897557
0.53949034
0.15495831
0.68994033
0.31012174
0.5571999
0.16894561
0.7149816
0.28363407
0.54917437
0.16638914
0.67086965
0.31897554
0.59098816
0.1536557
0.74405396
0.31133747
0.60716283
0.16809876
0.76957333
0.28391683
0.6012288
0.16430786
0.72308034
0.32023534
0.6269133
0.1359775
0.8159292
0.31861725
0.62118196
0.1582857
0.85390306
0.28531328
0.64738256
0.13973117
0.77805084
0.33379585
0.69602406
0.15337667
0.8230039
0.29921687
0.67789876
0.16026515
0.8624525
0.28314945
0.7088141
0.15237716
0.817691
0.3191102
0.7269298
0.11860747
0.9344045
0.32391337
0.7295539
0.15454637
0.9414682
0.29133666
0.73780346
0.10976619
0.9224677
0.34278405
0.75925857
0.12677073
0.94071907
0.3185305
0.76668954
0.16147673
0.9303757
0.29052827
0.7878986
0.12856203
0.93970937
0.32442436
0.84540886
0.11348936
0.9949592
0.37226814
0.86310846
0.15833713
0.9892524
0.29166126
0.8405982
0.06836067
1.0101272
0.4443339
0.900354
0.14792126
0.98581076
0.3556605
0.93895406
0.17287321
1.0158474
0.28066757
0.93085814
0.10918009
0.98902583
0.4607854
0.0063341428
0.2378721
0.060348414
0.36245587
0.04169669
0.25969508
0.095824994
0.33004567
0.007897958
0.2025261
0.04382144
0.4297611
0.020697981
0.18037996
0.14759806
0.3701581
0.04810384
0.22601293
0.17842469
0.34062624
0.020420771
0.118518874
0.14198771
0.41099912
0.06301301
0.20224926
0.20920277
0.3551272
0.090804435
0.22660384
0.24421248
0.3431953
0.073648125
0.2101047
0.18239999
0.3630455
0.09599324
0.19903034
0.25489062
0.3515082
0.12328803
0.22394103
0.3019396
0.34039378
0.11217357
0.20132019
0.23223613
0.3705333
0.1816022
0.20522282
0.31040484
0.35485634
0.19893268
0.23623215
0.33786353
0.33553323
0.19177112
0.21426952
0.28681332
0.3815022
0.242457
0.20009923
0.36393288
0.3597808
0.23778489
0.22874069
0.40051803
0.33995682
0.2474641
0.19398779
0.34934527
0.38379836
0.29184914
0.19794114
0.4202879
0.36207408
0.29672137
0.2291399
0.45109352
0.3407844
0.29461473
0.19941255
0.40293747
0.38273713
0.35074767
0.21290356
0.46705487
0.35264003
0.36610723
0.23528607
0.50167084
0.33789784
0.35518607
0.22137633
0.44946298
0.37102345
0.4033793
0.21290356
0.51968646
0.35264003
0.41873884
0.23528607
0.5543024
0.33789784
0.40781763
0.22137633
0.50209457
0.37102345
0.45601085
0.21290359
0.572318
0.35264006
0.47137043
0.23528607
0.606934
0.33789784
0.46044922
0.22137633
0.5547261
0.37102345
0.5086425
0.21290356
0.62494963
0.35264003
0.524002
0.23528607
0.6595656
0.33789784
0.5130807
0.22137633
0.60735774
0.37102345
0.561274
0.21290356
0.67758113
0.35264003
0.5766335
0.23528607
0.7121971
0.33789784
0.5657124
0.22137628
0.6599893
0.37102342
0.6124933
0.21106046
0.7312913
0.35404843
0.62612784
0.23434147
0.7659143
0.33826426
0.6172283
0.217965
0.7120946
0.37226212
0.6436578
0.19225088
0.8017992
0.3624963
0.63705486
0.22548544
0.84087807
0.34121627
0.6593825
0.19536884
0.7678965
0.38523614
0.699645
0.21046382
0.807803
0.33714527
0.6867105
0.23062807
0.8483623
0.33431298
0.7135495
0.20679952
0.8071189
0.36494654
0.7269298
0.1638995
0.9276967
0.36551332
0.72438234
0.2122766
0.94550997
0.34445745
0.74604446
0.16204329
0.911516
0.389643
0.7666825
0.18040095
0.9379208
0.34646553
0.76279765
0.22817378
0.9424098
0.33351478
0.8036413
0.19401579
0.92597854
0.3525253
0.8478235
0.13348018
1.0038499
0.42287272
0.8596895
0.21037154
1.0094566
0.3469119
0.852953
0.082629725
1.0065683
0.46771044
0.906236
0.19674774
0.99069077
0.39293456
0.9423759
0.22893113
1.0307585
0.337856
0.93391585
0.16328971
0.99192834
0.4744925
0.010861721
0.29435974
0.061940674
0.419513
0.050763108
0.31209338
0.09984212
0.38014644
0.00843397
0.2789451
0.041224003
0.49320138
0.021314241
0.23729151
0.14863771
0.4242465
0.0495953
0.27839977
0.17459524
0.38759655
0.022277072
0.18665783
0.13865025
0.47265863
0.0706725
0.25418508
0.21477939
0.41360033
0.10405881
0.27617732
0.24474064
0.39504662
0.0760747
0.25520462
0.1832194
0.41574883
0.10899436
0.26066646
0.25448048
0.40679237
0.14330381
0.2810287
0.29722005
0.39197093
0.11850783
0.25755763
0.23100695
0.42159164
0.19556779
0.26122433
0.30988473
0.40165484
0.2188384
0.2874527
0.3343798
0.3836301
0.19571158
0.25839552
0.28606093
0.42106184
0.2547319
0.26507437
0.36201215
0.40890205
0.26448262
0.28400043
0.39462692
0.38772985
0.24950781
0.24821305
0.34868208
0.43073255
0.3030495
0.2681725
0.41788173
0.41640544
0.31579173
0.28373882
0.44472575
0.3885776
0.30012077
0.26813638
0.39978266
0.43563712
0.35905066
0.28267038
0.46853498
0.4089743
0.38351485
0.29004532
0.5009335
0.38547206
0.35863963
0.29090852
0.4481432
0.42785597
0.41168228
0.28267038
0.52116656
0.4089743
0.4361464
0.29004532
0.5535651
0.38547206
0.41127124
0.29090852
0.50077486
0.42785597
0.46431386
0.28267038
0.5737982
0.4089743
0.48877802
0.29004532
0.60619676
0.38547206
0.4639028
0.29090855
0.55340636
0.42785594
0.5169455
0.28267038
0.6264298
0.4089743
0.5414097
0.29004532
0.6588283
0.38547206
0.5165343
0.29090855
0.606038
0.42785594
0.569577
0.28267038
0.6790613
0.4089743
0.59404117
0.29004532
0.7114598
0.38547206
0.569166
0.29090855
0.65866953
0.42785594
0.6212812
0.28103152
0.7316858
0.40989766
0.6442081
0.28920436
0.7635337
0.38565493
0.62083995
0.28780073
0.7103299
0.42876542
0.6565266
0.2669487
0.7968773
0.41648817
0.6662638
0.28254688
0.8286953
0.3890406
0.6645691
0.27073884
0.764654
0.43907583
0.70298916
0.2846206
0.80268925
0.3953447
0.70231104
0.28975746
0.839852
0.38540563
0.7151815
0.28157032
0.80133146
0.41518718
0.7352069
0.24755603
0.9149383
0.42281103
0.7462822
0.27848542
0.93191457
0.39379126
0.75215715
0.24949792
0.891854
0.44268426
0.7759402
0.24747843
0.9394293
0.4132641
0.7823931
0.28400514
0.94367015
0.3899571
0.80798286
0.2497189
0.9250588
0.41596597
0.85689217
0.19854923
1.0039926
0.4839232
0.8699104
0.2723273
1.0087627
0.40076208
0.8625021
0.12990372
1.0036023
0.5228158
0.9118902
0.25134534
0.99616855
0.4475388
0.9539764
0.2896575
1.0390384
0.3875039
0.9384312
0.21067853
0.9928346
0.51289624
0.012259169
0.35289136
0.06165599
0.46942893
0.052705787
0.36792016
0.10034645
0.43256485
0.010192805
0.34443945
0.041108683
0.54031366
0.024820108
0.3067906
0.14832695
0.46971613
0.057140697
0.3370626
0.1751626
0.43824744
0.026592016
0.281067
0.13392083
0.52044815
0.07079697
0.32198465
0.21511611
0.46189117
0.115252726
0.33728242
0.24612916
0.44399947
0.07983421
0.34685397
0.17744704
0.46737546
0.10680525
0.324149
0.2586757
0.45620883
0.15252353
0.33990023
0.3028946
0.44185713
0.11913096
0.34087455
0.2277064
0.47906017
0.19902661
0.33092883
0.31096503
0.44869527
0.2366171
0.34925115
0.34082985
0.43231547
0.19945537
0.3531776
0.28004384
0.4806698
0.25481454
0.3288542
0.36013415
0.4543535
0.27756727
0.34209856
0.3970021
0.43652007
0.25165352
0.34053952
0.34100017
0.4851663
0.30306596
0.32735074
0.42060566
0.46487135
0.32497564
0.341759
0.44916084
0.4374555
0.3026783
0.3461179
0.39463603
0.4843995
0.35856092
0.34367433
0.4691627
0.45901927
0.3929216
0.3493292
0.50445914
0.43601075
0.36134565
0.3682592
0.44120097
0.47940272
0.4111925
0.34367433
0.52179426
0.45901927
0.44555318
0.3493292
0.55709076
0.43601075
0.4139773
0.3682592
0.49383262
0.47940272
0.4638241
0.34367433
0.5744259
0.45901927
0.49818474
0.3493292
0.6097223
0.43601075
0.46660882
0.3682592
0.54646415
0.47940272
0.5164557
0.34367433
0.6270575
0.45901927
0.55081636
0.3493292
0.66235393
0.43601075
0.5192404
0.3682592
0.5990957
0.47940272
0.5690872
0.34367433
0.679689
0.45901927
0.60344785
0.3493292
0.71498543
0.43601075
0.571872
0.3682592
0.6517273
0.47940272
0.620118
0.34188336
0.73250854
0.459768
0.6532409
0.34837553
0.7673199
0.43618682
0.6231034
0.36521637
0.7036847
0.48002547
0.65506953
0.3287481
0.8003699
0.46587604
0.67510504
0.34124783
0.83478194
0.4390736
0.666395
0.34766918
0.7606335
0.48674935
0.70269704
0.3516816
0.80430806
0.44857144
0.7099605
0.34963036
0.8453664
0.43687546
0.7179404
0.36455208
0.7961361
0.47260654
0.7313406
0.31059414
0.92614716
0.48013026
0.7453726
0.33173123
0.9447661
0.4482089
0.75520325
0.31903166
0.8910421
0.49339116
0.77369916
0.31831303
0.93917537
0.4708011
0.7877861
0.33798048
0.9432943
0.4427717
0.81112885
0.3392914
0.92011046
0.47434545
0.8629936
0.27187175
1.00374
0.5295758
0.88337183
0.32773098
1.0100785
0.4499536
0.8673023
0.22466242
1.0008433
0.5861335
0.91625994
0.3186503
0.9947526
0.49819344
0.95825154
0.34476864
1.0376917
0.43941706
0.94429463
0.30102614
0.99087244
0.5670607
0.012259169
0.40552294
0.06165599
0.5220605
0.052705787
0.42055178
0.10034645
0.48519647
0.010192805
0.397071
0.041108683
0.5929452
0.024820108
0.35942218
0.14832695
0.5223477
0.057140697
0.38969418
0.1751626
0.4908791
0.026592016
0.33369863
0.13392083
0.5730797
0.07079697
0.37461624
0.21511611
0.51452273
0.115252726
0.38991404
0.24612916
0.4966311
0.07983421
0.39948556
0.17744704
0.5200071
0.10680525
0.3767806
0.2586757
0.50884044
0.15252353
0.3925318
0.3028946
0.49448878
0.11913096
0.39350617
0.2277064
0.53169173
0.19902661
0.38356042
0.31096503
0.50132686
0.2366171
0.40188277
0.34082985
0.4849471
0.19945537
0.40580922
0.28004384
0.53330135
0.25481454
0.38148582
0.36013415
0.50698507
0.27756727
0.39473018
0.3970021
0.4891517
0.25165352
0.39317113
0.34100017
0.53779787
0.30306596
0.37998232
0.42060566
0.5175029
0.32497564
0.3943906
0.44916084
0.49008712
0.3026783
0.3987495
0.39463603
0.5370311
0.35856092
0.39630592
0.4691627
0.51165086
0.3929216
0.40196082
0.50445914
0.48864236
0.36134565
0.4208908
0.44120097
0.5320343
0.4111925
0.39630592
0.52179426
0.51165086
0.44555318
0.40196082
0.55709076
0.48864236
0.4139773
0.4208908
0.49383262
0.5320343
0.4638241
0.39630592
0.5744259
0.51165086
0.49818474
0.40196082
0.6097223
0.48864236
0.46660882
0.4208908
0.54646415
0.5320343
0.5164557
0.39630592
0.6270575
0.51165086
0.55081636
0.40196082
0.66235393
0.48864236
0.5192404
0.4208908
0.5990957
0.5320343
0.5690872
0.39630592
0.679689
0.51165086
0.60344785
0.40196082
0.71498543
0.48864236
0.571872
0.4208908
0.6517273
0.5320343
0.620118
0.39451498
0.73250854
0.51239955
0.6532409
0.40100715
0.7673199
0.48881844
0.6231034
0.41784796
0.7036847
0.5326571
0.65506953
0.3813797
0.8003699
0.51850766
0.67510504
0.3938794
0.83478194
0.49170524
0.666395
0.4003008
0.7606335
0.5393809
0.70269704
0.40431318
0.80430806
0.501203
0.7099605
0.40226197
0.8453664
0.48950708
0.7179404
0.41718367
0.7961361
0.52523816
0.7313406
0.36322573
0.92614716
0.5327618
0.7453726
0.38436285
0.9447661
0.50084054
0.75520325
0.37166324
0.8910421
0.5460228
0.77369916
0.37094462
0.93917537
0.5234327
0.7877861
0.3906121
0.9432943
0.49540332
0.81112885
0.39192298
0.92011046
0.52697706
0.8629936
0.32450336
1.00374
0.5822074
0.88337183
0.3803626
1.0100785
0.50258523
0.8673023
0.27729404
1.0008433
0.63876504
0.91625994
0.37128192
0.9947526
0.550825
0.95825154
0.39740026
1.0376917
0.49204868
0.94429463
0.35365772
0.99087244
0.61969227
0.012259169
0.45815456
0.06165599
0.57469213
0.052705787
0.47318333
0.10034645
0.537828
0.010192805
0.44970262
0.041108683
0.64557683
0.024820108
0.41205376
0.14832695
0.5749793
0.057140697
0.44232577
0.1751626
0.5435106
0.026592016
0.38633022
0.13392083
0.6257113
0.07079697
0.42724782
0.21511611
0.56715435
0.115252726
0.4425456
0.24612916
0.54926264
0.07983421
0.45211715
0.17744704
0.5726387
0.10680525
0.4294122
0.2586757
0.561472
0.15252353
0.4451634
0.3028946
0.54712033
0.11913096
0.44613773
0.2277064
0.58432335
0.19902661
0.436192
0.31096503
0.5539585
0.2366171
0.45451432
0.34082985
0.53757864
0.19945537
0.45844078
0.28004384
0.58593297
0.25481454
0.43411738
0.36013415
0.5596167
0.27756727
0.44736174
0.3970021
0.5417832
0.25165352
0.44580272
0.34100017
0.5904295
0.30306596
0.4326139
0.42060566
0.5701346
0.32497564
0.44702217
0.44916084
0.54271865
0.3026783
0.4513811
0.39463603
0.5896627
0.35856092
0.4489375
0.4691627
0.5642825
0.3929216
0.45459238
0.50445914
0.5412739
0.36134565
0.4735224
0.44120097
0.5846659
0.4111925
0.4489375
0.52179426
0.5642825
0.44555318
0.45459238
0.55709076
0.5412739
0.4139773
0.4735224
0.49383262
0.5846659
0.4638241
0.4489375
0.5744259
0.5642825
0.49818474
0.45459238
0.6097223
0.5412739
0.46660882
0.4735224
0.54646415
0.5846659
0.5164557
0.4489375
0.6270575
0.5642825
0.55081636
0.45459238
0.66235393
0.5412739
0.5192404
0.4735224
0.5990957
0.5846659
0.5690872
0.4489375
0.679689
0.5642825
0.60344785
0.45459238
0.71498543
0.5412739
0.571872
0.4735224
0.6517273
0.5846659
0.620118
0.44714653
0.73250854
0.5650312
0.6532409
0.4536387
0.7673199
0.54145
0.6231034
0.47047955
0.7036847
0.5852887
0.65506953
0.43401122
0.8003699
0.5711392
0.67510504
0.446511
0.83478194
0.5443368
0.666395
0.45293236
0.7606335
0.5920125
0.70269704
0.45694476
0.80430806
0.5538346
0.7099605
0.45489353
0.8453664
0.54213864
0.7179404
0.46981522
0.7961361
0.5778697
0.7313406
0.41585732
0.92614716
0.5853934
0.7453726
0.4369944
0.9447661
0.55347204
0.75520325
0.4242948
0.8910421
0.5986543
0.77369916
0.4235762
0.93917537
0.5760642
0.7877861
0.44324365
0.9432943
0.54803485
0.81112885
0.44455457
0.92011046
0.5796087
0.8629936
0.3771349
1.00374
0.63483894
0.88337183
0.43299416
1.0100785
0.5552167
0.8673023
0.3299256
1.0008433
0.69139665
0.91625994
0.42391348
0.9947526
0.6034566
0.95825154
0.45003182
1.0376917
0.54468024
0.94429463
0.4062893
0.99087244
0.6723238
0.012259169
0.5107862
0.06165599
0.62732375
0.052705787
0.5258149
0.10034645
0.5904596
0.010192805
0.50233424
0.041108683
0.69820845
0.024820108
0.46468535
0.14832695
0.62761086
0.057140697
0.49495727
0.1751626
0.59614223
0.026592016
0.43896186
0.13392083
0.67834294
0.07079697
0.47987944
0.21511611
0.61978596
0.115252726
0.49517715
0.24612916
0.60189426
0.07983421
0.50474876
0.17744704
0.6252703
0.10680525
0.4820438
0.2586757
0.6141036
0.15252353
0.49779493
0.3028946
0.5997519
0.11913096
0.49876934
0.2277064
0.63695496
0.19902661
0.48882362
0.31096503
0.6065901
0.2366171
0.5071459
0.34082985
0.5902102
0.19945537
0.5110724
0.28004384
0.6385646
0.25481454
0.486749
0.36013415
0.61224824
0.27756727
0.49999323
0.3970021
0.5944148
0.25165352
0.49843436
0.34100017
0.6430611
0.30306596
0.48524556
0.42060566
0.62276614
0.32497564
0.4996537
0.44916084
0.59535027
0.3026783
0.5040127
0.39463603
0.6422943
0.35856092
0.5015691
0.4691627
0.6169141
0.3929216
0.5072239
0.50445914
0.5939055
0.36134565
0.526154
0.44120097
0.63729745
0.4111925
0.5015691
0.52179426
0.6169141
0.44555318
0.5072239
0.55709076
0.5939055
0.4139773
0.526154
0.49383262
0.63729745
0.4638241
0.5015691
0.5744259
0.6169141
0.49818474
0.5072239
0.6097223
0.5939055
0.46660882
0.526154
0.54646415
0.63729745
0.5164557
0.5015691
0.6270575
0.6169141
0.55081636
0.5072239
0.66235393
0.5939055
0.5192404
0.526154
0.5990957
0.63729745
0.5690872
0.5015691
0.679689
0.6169141
0.60344785
0.5072239
0.71498543
0.5939055
0.571872
0.526154
0.6517273
0.63729745
0.620118
0.49977818
0.73250854
0.6176628
0.6532409
0.50627023
0.7673199
0.5940816
0.6231034
0.5231111
0.7036847
0.63792026
0.65506953
0.48664287
0.8003699
0.62377083
0.67510504
0.4991425
0.83478194
0.59696835
0.666395
0.505564
0.7606335
0.64464414
0.70269704
0.5095764
0.80430806
0.60646623
0.7099605
0.507525
0.8453664
0.59477025
0.7179404
0.5224469
0.7961361
0.6305013
0.7313406
0.46848893
0.92614716
0.63802505
0.7453726
0.48962593
0.9447661
0.60610366
0.75520325
0.47692642
0.8910421
0.6512859
0.77369916
0.47620785
0.93917537
0.62869585
0.7877861
0.49587518
0.9432943
0.60066646
0.81112885
0.4971862
0.92011046
0.6322403
0.8629936
0.42976654
1.00374
0.68747056
0.88337183
0.48562568
1.0100785
0.60784835
0.8673023
0.38255724
1.0008433
0.7440282
0.91625994
0.4765451
0.9947526
0.65608823
0.95825154
0.5026633
1.0376917
0.5973118
0.94429463
0.45892096
0.99087244
0.72495544
0.012259169
0.5634177
0.06165599
0.67995524
0.052705787
0.5784465
0.10034645
0.6430912
0.010192805
0.55496573
0.041108683
0.75083995
0.024820108
0.5173169
0.14832695
0.68024236
0.057140697
0.54758894
0.1751626
0.6487738
0.026592016
0.49159336
0.13392083
0.73097444
0.07079697
0.53251094
0.21511611
0.67241746
0.115252726
0.5478088
0.24612916
0.6545258
0.07983421
0.55738026
0.17744704
0.6779018
0.10680525
0.5346753
0.2586757
0.6667351
0.15252353
0.55042654
0.3028946
0.6523835
0.11913096
0.55140084
0.2277064
0.68958646
0.19902661
0.5414551
0.31096503
0.6592216
0.2366171
0.5597775
0.34082985
0.6428418
0.19945537
0.5637039
0.28004384
0.6911961
0.25481454
0.5393805
0.36013415
0.66487974
0.27756727
0.55262494
0.3970021
0.64704645
0.25165352
0.55106586
0.34100017
0.6956926
0.30306596
0.5378771
0.42060566
0.67539763
0.32497564
0.5522854
0.44916084
0.6479818
0.3026783
0.5566442
0.39463603
0.6949258
0.35856092
0.5542006
0.4691627
0.6695456
0.3929216
0.5598556
0.50445914
0.64653707
0.36134565
0.5787855
0.44120097
0.68992895
0.4111925
0.5542006
0.52179426
0.6695456
0.44555318
0.5598556
0.55709076
0.64653707
0.4139773
0.5787855
0.49383262
0.68992895
0.4638241
0.5542006
0.5744259
0.6695456
0.49818474
0.5598556
0.6097223
0.64653707
0.46660882
0.5787855
0.54646415
0.68992895
0.5164557
0.5542006
0.6270575
0.6695456
0.55081636
0.5598556
0.66235393
0.64653707
0.5192404
0.5787855
0.5990957
0.68992895
0.5690872
0.5542006
0.679689
0.6695456
0.60344785
0.5598556
0.71498543
0.64653707
0.571872
0.5787855
0.6517273
0.68992895
0.620118
0.55240965
0.73250854
0.6702943
0.6532409
0.5589019
0.7673199
0.64671314
0.6231034
0.5757426
0.7036847
0.69055176
0.65506953
0.53927433
0.8003699
0.67640233
0.67510504
0.5517742
0.83478194
0.64959997
0.666395
0.5581955
0.7606335
0.69727564
0.70269704
0.5622079
0.80430806
0.65909773
0.7099605
0.5601567
0.8453664
0.6474018
0.7179404
0.57507837
0.7961361
0.68313277
0.7313406
0.5211204
0.92614716
0.69065654
0.7453726
0.5422576
0.9447661
0.6587352
0.75520325
0.52955794
0.8910421
0.7039174
0.77369916
0.52883935
0.93917537
0.68132734
0.7877861
0.54850686
0.9432943
0.653298
0.81112885
0.5498177
0.92011046
0.6848718
0.8629936
0.48239803
1.00374
0.74010205
0.88337183
0.53825736
1.0100785
0.6604799
0.8673023
0.43518874
1.0008433
0.7966597
0.91625994
0.5291766
0.9947526
0.70871973
0.95825154
0.555295
1.0376917
0.64994335
0.94429463
0.51155245
0.99087244
0.77758694
0.012457479
0.6162204
0.061783995
0.73280567
0.053147838
0.6311377
0.10059132
0.69561076
0.010164566
0.60797507
0.04109781
0.80550617
0.024782564
0.5698401
0.14852445
0.7333498
0.057018325
0.5998221
0.17563458
0.70141023
0.026537456
0.5446658
0.13423306
0.7862847
0.07073896
0.5854717
0.2149141
0.72543377
0.11490388
0.6003661
0.24616562
0.70710933
0.0798434
0.6112651
0.17750388
0.73272306
0.10707832
0.58738667
0.2583037
0.71945244
0.1522953
0.60289466
0.30301732
0.7049253
0.119668365
0.6052945
0.22720963
0.7440998
0.19952226
0.59451956
0.31065017
0.71184486
0.23706749
0.6125927
0.34055284
0.69526124
0.19989058
0.617821
0.28001875
0.74618006
0.2552267
0.59229743
0.35961905
0.71734273
0.27779835
0.6053719
0.39673096
0.6994963
0.25202537
0.6050307
0.340743
0.7503999
0.30318666
0.5906192
0.41982442
0.72818744
0.32491356
0.6047865
0.44848055
0.7003963
0.30257148
0.6093163
0.3942485
0.7481585
0.35880747
0.6068565
0.46842363
0.72222644
0.39261952
0.61233294
0.5038226
0.69899523
0.36152077
0.6313399
0.44095045
0.7430235
0.41143906
0.6068565
0.5210552
0.72222644
0.4452511
0.61233294
0.5564542
0.69899523
0.41415238
0.6313399
0.49358207
0.7430235
0.46407062
0.6068565
0.5736868
0.72222644
0.49788272
0.61233294
0.6090858
0.69899523
0.4667839
0.6313399
0.54621357
0.7430235
0.51670223
0.6068565
0.6263184
0.72222644
0.55051434
0.61233294
0.6617174
0.69899523
0.5194155
0.6313399
0.59884524
0.7430235
0.56933373
0.6068565
0.6789499
0.72222644
0.60314584
0.61233294
0.7143489
0.69899523
0.5720471
0.6313399
0.65147674
0.7430235
0.6203911
0.6051183
0.7317212
0.7229309
0.6529262
0.61139923
0.76664555
0.6991437
0.6233121
0.62839085
0.7033839
0.74361545
0.65550387
0.5919828
0.7995018
0.7288224
0.6751506
0.6043378
0.8340151
0.70207727
0.6666292
0.6113827
0.76024485
0.75126684
0.703261
0.6152056
0.8032346
0.7113239
0.7106202
0.6129473
0.84452873
0.69958764
0.71830344
0.62912416
0.79543567
0.7376231
0.7313465
0.5739191
0.92567265
0.74460465
0.745594
0.5945513
0.9444001
0.7109629
0.75510985
0.5828371
0.891066
0.7589904
0.77468383
0.582339
0.9388782
0.73423547
0.7884328
0.60138804
0.9435685
0.70530206
0.81193477
0.6041437
0.91986245
0.73905724
0.86251515
0.53555506
1.0035056
0.7947292
0.8836611
0.5913251
1.0099142
0.71282417
0.86709076
0.48881516
1.0007025
0.8541508
0.9160014
0.5821965
0.99459606
0.7615156
0.9579203
0.60804945
1.037476
0.7022752
0.94411874
0.5647564
0.9908887
0.8313767
0.013350878
0.6753402
0.061587106
0.7915224
0.05241002
0.6833482
0.09884974
0.74427724
0.0077714324
0.6558447
0.041993447
0.8815999
0.022840753
0.62545395
0.14932227
0.8093666
0.058880072
0.654365
0.17783447
0.7556761
0.020169042
0.58305115
0.14150295
0.88429564
0.06243626
0.6382786
0.21448407
0.79496336
0.1009148
0.65047956
0.24596485
0.7627711
0.07085016
0.6580942
0.1842427
0.81263703
0.103287615
0.63476706
0.25869384
0.78196096
0.1403831
0.6496188
0.30808634
0.76015633
0.114923544
0.645177
0.23101076
0.8082402
0.19584285
0.6382297
0.3134039
0.7728175
0.23280661
0.65965456
0.3441338
0.7462862
0.19610593
0.6547277
0.28481576
0.81470144
0.2553336
0.63823205
0.36026943
0.7757829
0.27837938
0.6550765
0.40008605
0.7497846
0.24822041
0.6431074
0.34354237
0.8205755
0.301794
0.6327563
0.42196995
0.7864252
0.32665986
0.6529746
0.45431095
0.75172365
0.29764482
0.64927757
0.39678136
0.816254
0.35596943
0.64848316
0.47175413
0.7807604
0.38965824
0.65752774
0.50864905
0.7495521
0.3562891
0.67262334
0.44430357
0.80800337
0.40860102
0.64848316
0.5243857
0.7807604
0.44228983
0.65752774
0.5612806
0.7495521
0.40892068
0.67262334
0.49693522
0.80800337
0.46123263
0.64848316
0.5770173
0.7807604
0.4949214
0.65752774
0.61391217
0.7495521
0.46155226
0.67262334
0.54956675
0.80800337
0.5138643
0.64848316
0.6296489
0.7807604
0.547553
0.65752774
0.6665438
0.7495521
0.51418376
0.67262334
0.60219836
0.80800337
0.5664958
0.64848316
0.6822804
0.7807604
0.6001845
0.65752774
0.7191753
0.7495521
0.56681544
0.67262334
0.6548299
0.80800337
0.61760163
0.64705557
0.73498166
0.7811708
0.6501301
0.65712273
0.7716654
0.749876
0.6179649
0.66982186
0.7068836
0.8097217
0.65290785
0.6331661
0.80167735
0.7865243
0.67477757
0.65159917
0.8381571
0.75324917
0.6611816
0.6491908
0.7647279
0.82003427
0.6995391
0.6625047
0.80477494
0.7687764
0.7095179
0.6627581
0.8483977
0.7513187
0.71229994
0.6708182
0.7984874
0.8099054
0.7218926
0.61354506
0.9357599
0.8099507
0.74062157
0.6404318
0.9514433
0.76409155
0.74449074
0.6178561
0.90446234
0.83948153
0.76954806
0.62986016
0.94809365
0.8133491
0.78415096
0.6521031
0.9482323
0.76337415
0.80490136
0.64379656
0.9311651
0.82438064
0.85015666
0.58010477
1.005441
0.87239593
0.8725961
0.6451928
1.0079869
0.77121884
0.8592686
0.5303378
1.0053477
0.9249892
0.90918916
0.63297945
0.9921408
0.8211747
0.94864744
0.66083425
1.0332367
0.75363344
0.93847764
0.5954944
0.99329436
0.8967767
0.010926032
0.7208638
0.05843593
0.8434775
0.04226198
0.7275279
0.09146596
0.79244393
0.0065921135
0.6791147
0.043090355
0.8971425
0.020441338
0.6718717
0.14328444
0.8657581
0.057578903
0.7056969
0.16863184
0.8041801
0.0151489
0.61109006
0.14045057
0.90519834
0.06317779
0.6845927
0.20860535
0.8439504
0.10420336
0.7011677
0.23600717
0.80770004
0.068944514
0.68875176
0.18200693
0.8542573
0.104343645
0.69508463
0.2620304
0.84522206
0.15079358
0.7039949
0.30710796
0.80735236
0.11083549
0.69189715
0.23715171
0.8675338
0.19325703
0.69579136
0.3145672
0.83989215
0.23372056
0.71436286
0.34411365
0.7984694
0.19111824
0.69414055
0.28730592
0.8641653
0.26011252
0.6953706
0.36110848
0.82996327
0.28741968
0.7111173
0.40321243
0.7968164
0.25080058
0.68873906
0.34262463
0.86180043
0.30292353
0.6880174
0.42241725
0.8438124
0.3349119
0.7095097
0.4572824
0.80088884
0.29674676
0.6980581
0.39455578
0.8654634
0.3561252
0.69928294
0.47239974
0.8365832
0.3983356
0.71150124
0.5092169
0.79748595
0.35244018
0.71736187
0.4427063
0.8578333
0.40875682
0.69928294
0.5250313
0.8365832
0.4509672
0.71150124
0.5618485
0.79748595
0.40507177
0.71736187
0.49533793
0.8578333
0.46138838
0.69928294
0.5776629
0.8365832
0.5035988
0.71150124
0.61448014
0.79748595
0.45770335
0.71736187
0.54796946
0.8578333
0.51402
0.69928294
0.6302945
0.8365832
0.55623037
0.71150124
0.6671117
0.79748595
0.51033485
0.71736187
0.6006011
0.8578333
0.5666515
0.69928294
0.682926
0.8365832
0.60886186
0.7115012
0.7197432
0.797486
0.5629665
0.7173618
0.65323263
0.85783327
0.61769587
0.69814277
0.73540086
0.83732724
0.6581956
0.711216
0.77216494
0.79777217
0.6143162
0.7142887
0.7051356
0.85881233
0.6526467
0.6843538
0.8028491
0.84703124
0.67828214
0.7080718
0.84048426
0.80585253
0.6584483
0.68982565
0.7636288
0.86645675
0.6986364
0.71951735
0.800197
0.8284966
0.7121335
0.71767926
0.84280765
0.8018912
0.70756346
0.7105581
0.7971154
0.85676116
0.7232336
0.6749959
0.9328418
0.8729236
0.74891984
0.70128644
0.93656147
0.81669414
0.7429991
0.6675962
0.90450037
0.88736784
0.76244503
0.6781391
0.9454288
0.865273
0.7810661
0.7010294
0.940643
0.81660247
0.7926942
0.68598104
0.93241453
0.8744153
0.85017043
0.61804664
1.0109565
0.9208418
0.8677417
0.68755364
1.0102599
0.8211405
0.8563685
0.56134886
1.0104237
0.9454406
0.90916324
0.67023677
0.9932864
0.8751897
0.9475909
0.7049481
1.0336214
0.8039711
0.9357013
0.62505573
0.99362904
0.9285669
0.01004212
0.74777
0.06344226
0.8915151
0.048159838
0.77036786
0.10134071
0.84506273
0.005714271
0.6924048
0.051856704
0.94920045
0.016441293
0.6901209
0.14851531
0.9357248
0.06049175
0.7479859
0.17569292
0.87244874
0.009124592
0.6281682
0.14715001
0.9543575
0.042580314
0.71051264
0.21493226
0.9222158
0.07918512
0.7449703
0.23816863
0.8892478
0.04938834
0.6954698
0.19215259
0.92405695
0.07002714
0.71985626
0.29112446
0.92691743
0.09929226
0.74780023
0.33818746
0.89729166
0.08986232
0.7021476
0.25593358
0.93539166
0.15388688
0.73689204
0.32034865
0.91376585
0.17726927
0.7622119
0.35311955
0.87577236
0.16844249
0.73228765
0.29323992
0.93183184
0.22911805
0.74023944
0.3676046
0.896884
0.24370432
0.75719917
0.4152825
0.8612089
0.23443344
0.7431941
0.34701338
0.9291655
0.28435555
0.7356719
0.43000862
0.9047874
0.30147788
0.75732446
0.46894863
0.8602878
0.2910922
0.75082964
0.40196595
0.9330084
0.33884442
0.7461356
0.48055983
0.896448
0.3703981
0.76210135
0.51877314
0.8583674
0.34411782
0.76567817
0.45033705
0.92282367
0.391476
0.7461356
0.5331914
0.896448
0.42302966
0.76210135
0.5714047
0.8583674
0.39674944
0.76567817
0.50296867
0.92282367
0.4441076
0.7461356
0.585823
0.896448
0.47566128
0.76210135
0.6240363
0.8583674
0.44938096
0.76567817
0.55560017
0.92282367
0.4967392
0.7461356
0.6384546
0.896448
0.5282929
0.76210135
0.6766679
0.8583674
0.5020125
0.76567817
0.6082318
0.92282367
0.5493707
0.7461356
0.6910861
0.896448
0.5809244
0.76210135
0.7292994
0.8583674
0.5546441
0.7656782
0.6608634
0.9228237
0.60026956
0.74511385
0.74365926
0.89741945
0.6305906
0.76143765
0.7830097
0.85830855
0.6059347
0.7638017
0.7118779
0.9234427
0.6343566
0.7295909
0.8171226
0.91072214
0.6450271
0.7546654
0.8613787
0.867458
0.65301377
0.74230593
0.77162355
0.93001515
0.69027746
0.7589367
0.81913865
0.8964526
0.6885655
0.7567255
0.8637178
0.8695368
0.70312405
0.7614007
0.810078
0.9247799
0.7155138
0.72448766
0.9418225
0.9333612
0.72095793
0.74877477
0.9475482
0.8885881
0.74006975
0.7140382
0.91361177
0.9384425
0.75285226
0.72481275
0.9545166
0.92393124
0.7569657
0.74765
0.9486231
0.8934349
0.78410095
0.72334695
0.95022374
0.91951084
0.838494
0.6531108
1.0179795
0.9766279
0.84171414
0.72918934
1.0155923
0.89029115
0.8482961
0.58215237
1.0167588
0.98429847
0.9027577
0.7036251
0.99579495
0.91432106
0.9344531
0.74637854
1.0324217
0.86352587
0.92810464
0.66233635
0.9948814
0.94596815
0.0061720517
0.798428
0.06421327
0.9201538
0.043555673
0.82713175
0.09333786
0.892408
0.003393434
0.76226723
0.061376818
0.95886564
0.022969704
0.74663466
0.1332512
0.9253692
0.0792277
0.80364573
0.16444312
0.9000902
0.0075513497
0.68150616
0.14329946
0.9470334
0.06577217
0.77399457
0.1935798
0.89996374
0.12713772
0.8017735
0.22398308
0.89487535
0.062280398
0.7761776
0.17055784
0.91086525
0.09839389
0.7713108
0.27127662
0.9123076
0.14538682
0.79818326
0.31301585
0.9051841
0.10876983
0.7659294
0.24326432
0.9192125
0.15850174
0.79017735
0.2989601
0.9102576
0.19133934
0.8115523
0.33162424
0.8970454
0.17346513
0.79740524
0.28135
0.92108
0.21612969
0.7937504
0.35091618
0.9120556
0.24466096
0.8117181
0.39060336
0.8975688
0.22650898
0.80348784
0.34007335
0.92707986
0.2762842
0.79194915
0.41140994
0.91893125
0.30737126
0.81085235
0.44709432
0.89961475
0.28494003
0.813234
0.39733472
0.9356537
0.33019167
0.7943092
0.46715575
0.9113818
0.3754853
0.81035846
0.5009488
0.89568704
0.34058917
0.82499033
0.44598758
0.9326878
0.3828233
0.7943092
0.5197873
0.9113818
0.42811692
0.81035846
0.55358034
0.89568704
0.39322075
0.82499033
0.49861923
0.9326878
0.43545485
0.7943092
0.5724189
0.9113818
0.48074847
0.81035846
0.60621196
0.89568704
0.44585234
0.82499033
0.55125076
0.9326878
0.4880865
0.7943092
0.62505054
0.9113818
0.5333801
0.81035846
0.6588436
0.89568704
0.49848387
0.82499033
0.6038824
0.9326878
0.54071796
0.79430926
0.67768204
0.91138184
0.5860116
0.81035846
0.7114751
0.89568704
0.5511155
0.82499033
0.6565139
0.9326878
0.5925487
0.7932198
0.731153
0.91199505
0.6371688
0.8097106
0.7658053
0.8958529
0.6028744
0.8228824
0.7084904
0.9325899
0.6379251
0.7864986
0.8046866
0.9220752
0.66851926
0.80668944
0.84730077
0.9039189
0.6540422
0.80916286
0.7688859
0.9351232
0.6904057
0.8021276
0.8173109
0.91411424
0.71649575
0.80835426
0.8648963
0.90328515
0.6999332
0.81562585
0.8077711
0.93318135
0.7235929
0.76580405
0.92298746
0.92242014
0.7501101
0.7913231
0.935209
0.9060002
0.73780954
0.7593987
0.9068328
0.93294287
0.768866
0.76121473
0.9499008
0.92070425
0.7917326
0.7830346
0.94800633
0.9082728
0.78421307
0.76986325
0.9644898
0.9297458
0.8452353
0.7225196
1.0089263
0.9629665
0.84760964
0.78452814
1.0195311
0.9275286
0.84903604
0.6618613
1.0080829
0.9534365
0.8964905
0.7606275
1.0076216
0.9317434
0.9263636
0.79904914
1.043241
0.91508996
0.91647625
0.733721
0.9964831
0.9185873
-0.003655713
0.85786515
0.07396929
0.9793679
0.021972239
0.8784381
0.10369006
0.9658607
0.004570663
0.83183795
0.06400831
0.9798967
0.005443819
0.80488074
0.14787284
0.99339044
0.045267485
0.8515512
0.18746805
0.9776083
0.0057117715
0.7649225
0.14191532
0.9842756
0.044460528
0.83208555
0.21252915
0.9623633
0.09851522
0.8675357
0.25049073
0.9696497
0.06004247
0.8415455
0.17188324
0.9526742
0.08552108
0.8156642
0.3003659
0.9637908
0.11387378
0.858511
0.3670339
0.97600913
0.12227377
0.82798696
0.2387977
0.9475503
0.13132212
0.82445055
0.33704725
0.9701331
0.14947338
0.86602294
0.38872916
0.9751388
0.17300539
0.8417724
0.28735673
0.9519153
0.17772129
0.82636887
0.3763714
0.97071606
0.17722766
0.8622764
0.4407885
0.9783626
0.22010285
0.844038
0.3396682
0.9533589
0.24636368
0.8287298
0.43804687
0.9747812
0.2583357
0.8646183
0.49429977
0.9764892
0.28187507
0.85628617
0.39390457
0.95695484
0.30437243
0.83729315
0.49709523
0.9697919
0.3340394
0.8693667
0.5509375
0.9743903
0.33861968
0.8718371
0.44154832
0.956268
0.35700405
0.83729315
0.5497268
0.9697919
0.38667098
0.8693667
0.60356903
0.9743903
0.3912513
0.8718371
0.49417993
0.956268
0.4096356
0.83729315
0.6023584
0.9697919
0.43930256
0.8693667
0.65620065
0.9743903
0.44388285
0.8718371
0.54681146
0.956268
0.46226725
0.83729315
0.65499
0.9697919
0.49193418
0.8693667
0.70883226
0.9743903
0.49651435
0.8718371
0.599443
0.956268
0.5148987
0.83729315
0.7076215
0.9697919
0.5445657
0.8693667
0.76146376
0.9743903
0.549146
0.8718371
0.65207464
0.956268
0.56726927
0.8365432
0.7622418
0.9703214
0.5967761
0.8690139
0.8174472
0.9745554
0.60173637
0.8709132
0.70472974
0.956297
0.61174715
0.8215489
0.83708537
0.9753497
0.62501186
0.86055577
0.9006484
0.9777329
0.6511239
0.84822136
0.7655641
0.9554066
0.6643209
0.8233901
0.86100155
0.9732218
0.6732925
0.858115
0.92475116
0.9790513
0.6958367
0.8364939
0.81526417
0.95829004
0.69755423
0.78618
0.9462923
0.9918823
0.7077926
0.8454975
0.98710245
0.98361695
0.7413931
0.78627115
0.8916118
0.96902734
0.7310829
0.79803026
1.0004702
0.9974406
0.73297024
0.8393914
1.0010502
0.99751645
0.78637445
0.7918136
0.97777927
0.98144484
0.8064772
0.7880728
1.0242348
1.0159016
0.77979594
0.8334776
1.053717
0.99608576
0.8388547
0.7410867
1.0025363
0.9988165
0.8472332
0.82989657
0.9951583
0.9947128
0.8324452
0.8509634
1.014981
0.9829791
0.8998584
0.8047632
0.99462634
0.9849882
-0.02370485
0.95183265
0.033294305
1.0061496
0.019611046
0.9518715
0.0664113
0.99137783
-0.007372494
0.9444802
0.03391995
1.0002655
0.019465882
0.9414819
0.12963903
1.0093744
0.09778568
0.94894403
0.17875865
0.9908691
0.027588144
0.92888916
0.11986275
1.0006377
0.091277346
0.95056593
0.18729506
1.0026883
0.15477192
0.95705605
0.22679949
0.9949496
0.10300609
0.9530968
0.16979632
0.9935191
0.13574165
0.9385176
0.2562445
0.9985057
0.19815627
0.95534307
0.32459518
0.9974187
0.15155977
0.9368859
0.2231836
0.9832725
0.19588485
0.9416313
0.3048227
0.99426794
0.25515518
0.9615383
0.3732796
0.99692893
0.20751894
0.94190717
0.27421004
0.98208356
0.2515974
0.94342625
0.350816
0.99528754
0.29932106
0.96363753
0.4260134
0.99854785
0.2620933
0.94229877
0.32734388
0.98163056
0.30720648
0.94337064
0.40234736
0.9964755
0.3485407
0.9631254
0.47188583
0.9981018
0.31627136
0.95032305
0.37864918
0.98742324
0.35708475
0.9431098
0.45656252
0.99317724
0.40738174
0.96411836
0.52546275
0.9980668
0.36689183
0.95289564
0.4279869
0.9863801
0.40971637
0.9431098
0.5091941
0.99317724
0.46001336
0.96411836
0.57809436
0.9980668
0.41952345
0.95289564
0.4806185
0.9863801
0.46234792
0.9431098
0.5618257
0.99317724
0.5126449
0.96411836
0.630726
0.9980668
0.472155
0.95289564
0.53325003
0.9863801
0.51497954
0.9431098
0.6144573
0.99317724
0.56527656
0.96411836
0.68335754
0.9980668
0.52478653
0.95289564
0.58588165
0.9863801
0.56761104
0.9431098
0.6670888
0.99317724
0.617908
0.96411836
0.7359891
0.9980668
0.5774182
0.9528957
0.6385132
0.98638004
0.62005836
0.9426351
0.7200449
0.9934171
0.6704813
0.963907
0.7889812
0.99817073
0.62982
0.95225704
0.69133794
0.9862441
0.66895896
0.9376907
0.7856769
0.99718696
0.70858884
0.9602533
0.849061
0.9993853
0.6812504
0.9446064
0.7473089
0.98516095
0.6998959
0.94287074
0.82216996
0.99875426
0.7294091
0.9598708
0.8855748
0.999426
0.72464144
0.94738966
0.798306
0.9893908
0.7154577
0.92019486
0.9154303
1.0166115
0.7461302
0.9439943
0.9576584
1.0027514
0.7610722
0.9228046
0.86790663
1.0
0.7392484
0.93256825
0.968663
1.0344952
0.7798203
0.93770427
0.9760523
1.0062146
0.7973507
0.9271183
0.9436241
1.0226362
0.7958549
0.9255973
1.0073131
1.045566
0.8339409
0.9312091
1.0163437
1.0093772
0.8378155
0.8892968
0.97915184
1.0291187
0.88301426
0.9591512
1.0004854
1.0341362
0.90359807
0.9356448
1.0104688
0.9993623
0.92893416
0.97501093
0.9882373
1.0380793
0.09299917
-0.053586684
0.30857366
0.17259401
0.16490164
-0.0057124346
0.390676
0.2008463
-0.02631478
0.020788193
0.21240501
0.33076856
0.23923282
-0.07851311
0.47926664
0.21306708
-0.01350075
0.1348977
0.09652176
0.60834825
0.108016446
-0.037195712
0.384198
0.17613584
0.023221329
-0.0336155
0.31823623
0.20214263
0.054083258
-0.0019527748
0.4082311
0.1771147
0.03506407
-0.028090537
0.27422637
0.2928598
0.090782985
-0.007983908
0.5237775
0.14432465
0.062038675
-0.04591006
0.23610188
0.33088362
0.010355905
-0.066522725
0.37242645
0.2552812
0.0648514
-0.017168954
0.42284936
0.21969254
0.048651174
-0.0023502484
0.52327913
0.18087372
0.12576902
-0.027447045
0.3722699
0.29489192
0.026243865
0.0019522607
0.64975834
0.15064256
0.1657548
-0.035376668
0.34090346
0.33578718
0.030379891
-0.027078211
0.49342954
0.27705008
0.16336396
-0.010637857
0.5488725
0.21498188
0.117251605
-0.0022365227
0.6667453
0.17309564
0.23434457
-0.016067535
0.46524176
0.29258123
0.082187
0.0055693462
0.83239025
0.14111349
0.26521456
-0.027952641
0.42934477
0.31927207
0.11306542
-0.013437554
0.6328894
0.2728986
0.26521558
-0.012101509
0.64427495
0.21351069
0.22344723
-0.0012570247
0.75271845
0.17312095
0.33596906
-0.014984503
0.56599975
0.28702325
0.16686088
0.002302438
0.88613063
0.13971058
0.3649402
-0.03223966
0.5264182
0.30640084
0.21444714
-0.015591979
0.7231675
0.27662945
0.36928177
-0.009611011
0.7482699
0.2099613
0.33547866
-0.00022418052
0.8742479
0.17469916
0.43479908
-0.012107417
0.6622406
0.28532982
0.26373374
-0.0018291846
0.9579431
0.14119577
0.46386814
-0.036066964
0.62895143
0.3079055
0.32216653
-0.013156965
0.8433651
0.27685022
0.46776116
-0.011741959
0.8437941
0.21439394
0.40408498
0.0044578835
0.9264198
0.17794725
0.5319386
-0.014845535
0.7747794
0.2941355
0.337923
0.0032966137
0.99525493
0.14432517
0.5651896
-0.03642802
0.7343608
0.3226018
0.41594386
-0.0132083
0.905885
0.2748405
0.58001703
-0.019641377
0.9469579
0.21195996
0.5183319
0.005228862
0.9886285
0.17822747
0.63583666
-0.022635356
0.88902956
0.2981323
0.4701243
0.007940136
1.041384
0.14582154
0.6699815
-0.046600938
0.837523
0.33243638
0.538011
-0.029523939
1.0010582
0.2675826
0.67834
-0.014783658
1.0028672
0.18327683
0.638686
-0.00017015636
1.028688
0.15040438
0.7371291
-0.0016668737
0.9783803
0.29892436
0.63338965
0.008675907
1.093931
0.13216242
0.78238964
-0.032600075
0.93931115
0.34594002
0.6453578
-0.017889008
1.0509682
0.25319207
0.8939233
0.058883324
1.0127696
0.2096294
0.9162188
0.021900631
1.0932001
0.15997046
0.8623402
0.0866473
1.0060037
0.35117728
0.9301581
-0.01436469
1.1259305
0.105263725
0.9002174
0.14565533
0.9853287
0.40022874
0.89833397
0.10130976
1.0772852
0.27643508
0.007993773
0.031615615
0.21774894
0.31061924
0.0039773285
0.018957406
0.27029476
0.27846572
0.006796792
0.047819942
0.19488242
0.40234074
0.019866496
0.032611877
0.3579989
0.2453677
0.013661578
0.038634375
0.15414326
0.4729671
0.0004605055
0.028428614
0.25347733
0.35786113
0.005749285
0.019000247
0.30500478
0.36165464
0.004722491
0.0033966303
0.3863011
0.2921646
7.7456236e-05
0.030720204
0.26830164
0.46132347
0.02078773
0.007965222
0.46530247
0.24031805
0.005415991
0.030733332
0.2505918
0.48444802
0.003899902
0.024213731
0.3423813
0.40801564
0.021847844
-0.0020446926
0.44497877
0.31898075
-0.00078624487
0.002430573
0.523338
0.27616
0.050895497
0.00020904839
0.39572817
0.39881122
-0.022437394
-0.0054897666
0.58015585
0.24840114
0.116381355
-0.011276349
0.36385754
0.44403428
0.0138376355
0.00013546646
0.49290246
0.37476373
0.11587544
0.006485909
0.54939175
0.3113407
0.045428187
0.0049355477
0.6668197
0.26169515
0.20222847
0.007172197
0.49186522
0.38005233
0.0123515725
-0.0030564517
0.73487824
0.23906825
0.24923633
0.0027845353
0.4635833
0.4209534
0.058834642
0.0072060823
0.6199044
0.35808253
0.18617378
0.005130619
0.6497824
0.31336957
0.10643348
0.0055600554
0.74410176
0.26766282
0.302472
-0.0040437877
0.60161906
0.3757851
0.08266345
-0.0042190477
0.8000796
0.24225739
0.3410827
-0.0072138906
0.56531596
0.40319923
0.10827607
0.0029675663
0.70009726
0.35521227
0.37613147
0.008455604
0.7961108
0.3107271
0.28364414
0.0065003037
0.8979034
0.26226723
0.40958875
-0.002628103
0.6968911
0.37155503
0.20921439
-0.0018317476
0.92646044
0.23495495
0.4353878
-0.009000361
0.65705234
0.3978998
0.31371498
0.008072823
0.8751571
0.34983107
0.45829877
0.009781018
0.8837937
0.3148635
0.32939842
0.00813213
0.971012
0.26576567
0.5180031
0.0051406473
0.80550814
0.3824138
0.2538201
3.8571656e-05
0.9874543
0.24060205
0.5364525
-0.0035557598
0.7607812
0.40714252
0.3725477
0.01198189
0.94988304
0.3578518
0.5644616
0.009894118
0.97694504
0.31589788
0.47812462
0.012834266
1.0169028
0.2782272
0.61587256
0.007595375
0.93711084
0.38693362
0.40807834
0.009530656
1.0268499
0.24797946
0.6455931
-0.008875251
0.8825365
0.41994613
0.49599484
0.014037177
1.001014
0.35917413
0.67820126
0.010807946
1.0069127
0.3495679
0.60203826
0.009890184
1.0306054
0.28839356
0.70402926
-0.0029787421
0.9941574
0.41791034
0.56113684
0.024177901
1.0582906
0.24817193
0.74093246
-0.028869018
0.983521
0.44412404
0.64414424
0.007313043
1.0161965
0.38853613
0.80032307
0.015591785
1.0265946
0.36028975
0.73381937
0.0025034398
1.028823
0.2864043
0.8239304
0.018538922
1.0047443
0.42287612
0.7157462
0.02268774
1.0487492
0.23503926
0.84892684
-0.015916824
0.99288553
0.45334285
0.79267836
0.022428483
1.0505255
0.40051118
0.0035253316
0.048737496
0.21176574
0.4052978
-0.008954316
0.11521818
0.26552626
0.37575245
0.007774882
0.03291619
0.1966975
0.56501377
-0.009720117
0.14779952
0.35632685
0.35394248
0.0073250458
0.019184768
0.1681486
0.67091244
-0.0025895163
0.024111181
0.24820629
0.4579951
-0.0014458895
0.0016147941
0.30832002
0.44588256
-0.012041941
0.07080546
0.36539036
0.3800757
-3.2171607e-05
0.0024959445
0.26886195
0.5341584
-0.01650171
0.10900265
0.42966348
0.35314727
0.002445802
-0.004323125
0.25395155
0.5594181
-0.003939852
-0.014318824
0.33964688
0.49610102
0.0225261
0.034029767
0.43183738
0.426584
0.010111809
0.07486597
0.48777637
0.38206622
0.047859043
0.01295577
0.3868162
0.47686338
0.013944
0.09568302
0.54484034
0.35745323
0.09067869
-0.0128145665
0.359564
0.509534
0.0042891353
0.0064775944
0.48174208
0.50239134
0.11981152
0.04777077
0.54182214
0.4245301
0.06878862
0.090632334
0.6360935
0.38291806
0.18784225
0.014517754
0.47660947
0.46048927
0.057217866
0.10837257
0.7300676
0.36204255
0.24383184
-0.009493202
0.45939866
0.48830894
0.07583958
0.017303675
0.61384237
0.48668686
0.19624703
0.05276443
0.64346164
0.43200368
0.15759087
0.09279922
0.71906286
0.39124775
0.28960428
0.015351802
0.5820956
0.46823272
0.13328579
0.11020176
0.7848995
0.368796
0.33688527
-0.0068406314
0.5599061
0.49447924
0.104117006
0.017827094
0.69550097
0.492828
0.379322
0.057337895
0.83206636
0.42536676
0.30649978
0.095335156
0.8786616
0.38987926
0.41458863
0.011588126
0.6926783
0.462217
0.25909993
0.10722245
0.89091647
0.3700273
0.43423995
-0.014074877
0.6515865
0.49144524
0.32641363
0.028269887
0.91619706
0.48106605
0.46241277
0.048617303
0.887402
0.4330398
0.35478702
0.08795594
0.9275242
0.38936538
0.5193102
0.009954333
0.80540663
0.46506494
0.2858763
0.10463549
0.94609976
0.36596364
0.5358814
-0.016682178
0.75682056
0.49184027
0.3900379
0.016575992
0.9576616
0.49074882
0.59061563
0.042942747
0.98402596
0.4242397
0.5175389
0.0816084
0.9823996
0.38421744
0.62389714
0.020538002
0.9656641
0.47744322
0.4432871
0.106996655
0.99323666
0.35916695
0.6428604
-0.0038880408
0.9081265
0.51502204
0.5319391
0.018572941
1.003103
0.48062623
0.7221027
0.038742185
0.99937326
0.45703328
0.65335894
0.085115775
1.0164925
0.38801223
0.7466669
0.03396918
0.9907296
0.52863175
0.5901296
0.124738894
1.0426049
0.35962382
0.7591457
0.03421119
0.98518306
0.56383324
0.7048345
0.018931553
1.0142263
0.49611485
0.7740983
0.067576006
1.0241265
0.46411824
0.6959174
0.100400925
1.0430936
0.38578537
0.8205036
0.046044856
1.0056456
0.55893636
0.6595421
0.12893716
1.0674561
0.35491532
0.8488935
0.038475245
1.001893
0.6171049
0.7401195
0.028526083
1.0579706
0.50492734
0.0061636046
0.14233667
0.21821922
0.5017049
-0.015879095
0.21812278
0.2682973
0.47265613
0.004370153
0.047044396
0.18320632
0.678039
-0.027112305
0.24561751
0.35023135
0.45578563
0.013972506
0.008741617
0.1319767
0.8943929
0.004446648
0.10753442
0.25007248
0.56210357
-0.0041825175
0.046352386
0.31131825
0.5559269
-0.013569176
0.19929253
0.35859108
0.49280697
0.00049827993
0.01668775
0.2729112
0.63663673
-0.0045289993
0.23684436
0.42358595
0.46661586
0.007534161
-0.0023626685
0.2531619
0.7023852
-0.012481496
0.009446263
0.33924007
0.62849414
0.034692645
0.10877101
0.4355212
0.5355411
0.011154547
0.18875355
0.491457
0.49432427
0.08182122
0.048377603
0.38262767
0.5802152
0.020072728
0.21729659
0.54833627
0.4676869
0.12379746
0.008672416
0.35666436
0.62298024
3.0890107e-05
0.06310123
0.4871148
0.62562084
0.13913344
0.11913033
0.5306832
0.53451085
0.08348593
0.19224487
0.6185031
0.49175107
0.2009259
0.06274703
0.47286576
0.5847956
0.071884036
0.22431542
0.71352154
0.46853632
0.24684605
0.024146616
0.4543083
0.61263996
0.09440969
0.07841626
0.5913512
0.6025562
0.21124548
0.15043138
0.6295138
0.5466824
0.17478019
0.20124473
0.70453495
0.49517417
0.29440325
0.08597824
0.5701572
0.6040157
0.15385857
0.22619388
0.7895353
0.4700105
0.34206188
0.048146784
0.54879576
0.6246158
0.13239148
0.100139946
0.6797348
0.6137608
0.37842113
0.15251966
0.82133025
0.5409197
0.32142687
0.20145054
0.86398494
0.5001683
0.41995686
0.08323437
0.6850285
0.5933893
0.2799786
0.22248854
0.8853719
0.4756201
0.44111842
0.042038232
0.6378556
0.6172209
0.32497197
0.10415703
0.90111214
0.5975835
0.47502324
0.13315229
0.8606677
0.5375846
0.40429258
0.19332145
0.89942455
0.49626094
0.52238923
0.061258316
0.79052967
0.58966804
0.34379905
0.2227714
0.9231861
0.47033018
0.54569614
0.018488288
0.7435092
0.6163045
0.42410982
0.08573076
0.9224055
0.6091442
0.59839076
0.09312576
0.9771206
0.5277282
0.53227484
0.18347223
0.97412753
0.4950347
0.6288204
0.036088824
0.9633012
0.5828913
0.472639
0.21834213
0.97992456
0.4682994
0.64876443
0.0026896
0.9175964
0.63341415
0.5527948
0.050074697
0.9954041
0.6015291
0.7085663
0.08888739
0.986936
0.5616505
0.6370523
0.18738724
1.0071253
0.4928528
0.7540208
0.062841505
0.9930706
0.64840806
0.58512205
0.22930923
1.036356
0.46238944
0.7689174
0.052978367
0.9929603
0.6880857
0.69224864
0.0637677
0.99957746
0.6103587
0.76103675
0.14596629
1.0136596
0.56531525
0.69276273
0.1894681
1.0250226
0.49084216
0.8180759
0.10125548
1.0001974
0.6609245
0.65583426
0.2240771
1.0594594
0.46445864
0.86706156
0.09736398
0.9977812
0.7677165
0.73528796
0.10938159
1.0392551
0.61068285
-0.0020752773
0.24330817
0.2208125
0.6025753
-0.022755556
0.31849393
0.2719207
0.56877315
0.0004837066
0.10366428
0.17802571
0.7767713
-0.036266997
0.34642082
0.35120308
0.5534862
0.0132985525
0.030205697
0.12460545
0.9812807
-0.0034454688
0.20392945
0.2510341
0.6589185
-0.0020107478
0.16913627
0.3123793
0.6645739
-0.008638561
0.3097241
0.35742956
0.5985204
0.005292982
0.07846862
0.26562214
0.77666867
0.004336655
0.34084815
0.41920954
0.5690225
0.01312653
0.050994456
0.24733713
0.81770265
-0.016468272
0.099430025
0.34388292
0.7580864
0.03695208
0.234497
0.42713273
0.64485466
0.010083988
0.30680853
0.47604293
0.5986458
0.082816124
0.14573118
0.3732297
0.7040615
0.015435278
0.33286148
0.534387
0.5722394
0.124379314
0.098066926
0.34755817
0.7468386
-0.0024626106
0.16894111
0.46127826
0.73652065
0.1453718
0.24515852
0.52628267
0.64648557
0.089386106
0.30403805
0.6027974
0.59517425
0.20719415
0.17112777
0.47272593
0.70565426
0.07246673
0.33728784
0.69830656
0.5699659
0.24516973
0.120624125
0.45311043
0.73302054
0.09567572
0.20527238
0.5738112
0.71537894
0.21958226
0.26328397
0.6205235
0.653908
0.17811096
0.3122654
0.68497956
0.5967925
0.30184942
0.19673488
0.5674548
0.72169423
0.16094631
0.33574885
0.76557285
0.5707608
0.33796236
0.14947498
0.54680306
0.74535745
0.13697785
0.21242586
0.6578351
0.72431886
0.38310602
0.27076316
0.80497134
0.6451346
0.3325519
0.31440923
0.855532
0.5988606
0.42152947
0.19575962
0.6803619
0.7125093
0.29428136
0.3325159
0.8785546
0.5753812
0.4411698
0.14638793
0.63911015
0.7369456
0.33165815
0.21695045
0.8855432
0.70497906
0.4725765
0.2619068
0.8420397
0.6455407
0.4059468
0.31270084
0.87371963
0.59933674
0.5229496
0.17713374
0.7861248
0.7155448
0.35678887
0.33724687
0.8988645
0.5723587
0.5468009
0.12499076
0.74661416
0.73873967
0.42171425
0.20739576
0.8932548
0.7153841
0.6008425
0.2288685
0.96902406
0.64435506
0.5464283
0.30418563
0.9666642
0.60214937
0.6324648
0.1352959
0.9566658
0.7101371
0.49485636
0.33497727
0.97226727
0.5737811
0.65304387
0.09069702
0.9076768
0.75009763
0.5540166
0.15661234
0.9894297
0.73012197
0.7019417
0.18567678
0.9890195
0.68814814
0.638631
0.29821804
1.0036784
0.60668874
0.749209
0.13113627
0.99621075
0.7755399
0.5932944
0.33574963
1.0264928
0.56946534
0.7668132
0.11566508
0.9936753
0.794163
0.6745025
0.14143983
1.0007143
0.75247943
0.7648359
0.25834188
1.0116223
0.6737243
0.7036678
0.3074777
1.0279212
0.5949998
0.82603896
0.12739936
0.995934
0.76433325
0.6686112
0.33709776
1.0635263
0.56617963
0.87414664
0.090500355
0.9946118
0.8499144
0.73924065
0.19768178
1.0344352
0.71682125
-0.0017349347
0.35393313
0.22347331
0.74242735
-0.010568902
0.4209013
0.2768157
0.6693785
0.00094337016
0.19376436
0.17338571
0.8867296
-0.023052216
0.44404405
0.357153
0.6527634
0.011732943
0.107465595
0.12649268
0.98446834
0.00035655499
0.3054803
0.25147283
0.769358
-0.0021451116
0.32340008
0.3142339
0.82284766
-7.6144934e-05
0.4117974
0.35804638
0.7030319
0.0039009452
0.1992926
0.26433304
0.91855043
0.018226385
0.43872947
0.41743183
0.66604656
0.009655811
0.15426409
0.24895513
0.93620133
-0.0136050135
0.27763912
0.34036463
0.9227996
0.034564212
0.35322064
0.42480463
0.7680226
0.004774034
0.4087289
0.4769159
0.70352346
0.08491883
0.27639094
0.37578306
0.8399823
0.008992732
0.4341427
0.5379108
0.6709306
0.12117709
0.21902293
0.35006362
0.8641283
-0.0028500706
0.3143323
0.45537853
0.87868434
0.14407377
0.34178945
0.5282434
0.7636404
0.084860295
0.40311012
0.6113336
0.69898856
0.20485885
0.27915466
0.47929323
0.8216219
0.06820595
0.43747523
0.7080536
0.67007196
0.24124628
0.2290557
0.45615143
0.8449009
0.091712505
0.31244785
0.5757489
0.8459032
0.2143373
0.34796685
0.62600875
0.7565004
0.17195773
0.4061729
0.6918091
0.69785905
0.29938823
0.28748527
0.5715875
0.82527566
0.15420902
0.4334399
0.776999
0.67347115
0.3351872
0.24706125
0.54966366
0.84820986
0.13288438
0.3103311
0.6616169
0.8272742
0.37372625
0.35523695
0.8084388
0.7454302
0.3207012
0.40749913
0.8648864
0.6992691
0.41766572
0.28695232
0.6763891
0.8109619
0.2805776
0.42957434
0.8837599
0.67857254
0.43652728
0.24647579
0.63802326
0.8394275
0.32447702
0.31889468
0.8910331
0.8037786
0.4682737
0.35135338
0.83638257
0.7592865
0.3890069
0.4104694
0.87016815
0.70091486
0.5195514
0.27862307
0.78574693
0.8232348
0.33797678
0.43581295
0.8910574
0.669297
0.5424899
0.23460072
0.74987066
0.8447797
0.41898656
0.31968403
0.8821349
0.83507395
0.5932401
0.33822605
0.9670957
0.7653818
0.5266536
0.40092537
0.96489924
0.7027514
0.6292727
0.26307166
0.94785094
0.8518162
0.4680711
0.43088642
0.9711814
0.66793287
0.6516129
0.21316424
0.9059595
0.8670125
0.547073
0.3044543
0.9838567
0.8791462
0.6885176
0.32281935
0.98299694
0.8271812
0.62812245
0.4025023
0.9922583
0.70980895
0.74007726
0.28144768
0.99395156
0.91739666
0.579819
0.43524653
1.0176204
0.66365737
0.75877076
0.2637919
0.9917602
0.9134574
0.6556077
0.30029014
0.99294484
0.91258943
0.7659242
0.3799466
1.0117714
0.7927543
0.7114574
0.41548422
1.0310233
0.6995176
0.82853043
0.23567778
0.9955379
0.8897516
0.6756124
0.4401591
1.0686272
0.6672027
0.8668764
0.18554735
0.9977041
0.9122008
0.7394427
0.30959502
1.0316099
0.84081244
-0.0013405904
0.4537704
0.22158566
0.86191213
-0.011774808
0.5270391
0.27681407
0.7845364
0.0032432303
0.299263
0.17806774
0.9471663
-0.028903082
0.54694355
0.34857607
0.75491536
0.010308608
0.20279148
0.1403092
1.0025989
-0.0062918067
0.41114804
0.25207675
0.9000721
-0.0060267597
0.4277797
0.31621236
0.9461479
-0.007833034
0.5142589
0.35806802
0.8240923
-0.0007048398
0.31735265
0.26957506
0.9709593
0.0028670132
0.5382539
0.41816214
0.7699126
0.004513763
0.25618783
0.2534861
0.97183
-0.014463261
0.39581752
0.34140164
0.99782956
0.030018568
0.45906383
0.43855017
0.8889305
0.007068947
0.5138309
0.4896847
0.81445706
0.07194549
0.38115472
0.3762791
0.9246771
0.012809724
0.53442585
0.546695
0.77148545
0.100222506
0.30746293
0.34753007
0.93444633
-1.7821789e-05
0.42449227
0.48193854
0.9503057
0.12253818
0.4478417
0.53886926
0.8741297
0.08353928
0.50769573
0.63300407
0.80353135
0.18664423
0.37625775
0.47530088
0.9070562
0.07487196
0.5363561
0.7245858
0.7716154
0.24032116
0.3156924
0.45659655
0.91777766
0.07518849
0.42152792
0.60354817
0.9311957
0.21298778
0.4500447
0.63264924
0.8571536
0.18285534
0.5099668
0.706967
0.7983045
0.29198506
0.38390693
0.5746871
0.9047643
0.16045332
0.53744394
0.78581226
0.7725403
0.33317888
0.33675838
0.5509464
0.92138743
0.13050583
0.4137944
0.6750394
0.9161978
0.37640727
0.4572333
0.8188305
0.84631336
0.31927267
0.5109429
0.8609884
0.7973581
0.41695726
0.38236612
0.6879021
0.89693135
0.27562016
0.53204226
0.87022394
0.7777537
0.43204162
0.3336711
0.640882
0.91453373
0.32283592
0.42455313
0.8945987
0.89725745
0.46768016
0.4585674
0.86470884
0.8650658
0.3937237
0.51099765
0.900144
0.8005899
0.51740265
0.37514707
0.79008436
0.9024149
0.33351058
0.5351652
0.907412
0.77020276
0.5369382
0.3168144
0.7471255
0.91224396
0.40683028
0.4326144
0.9245517
0.92112845
0.59239346
0.45152503
0.97130865
0.8732529
0.5215771
0.5027051
0.96429193
0.811231
0.62620115
0.38576093
0.9569349
0.92756426
0.46142298
0.52809095
0.9646544
0.76996017
0.6491389
0.32120392
0.91783607
0.93223476
0.5428663
0.4268165
0.98162085
0.9545404
0.68460125
0.43401495
0.98596424
0.9340358
0.6230008
0.5046067
0.9933763
0.81567395
0.72958493
0.39706185
0.99405146
0.976742
0.5748937
0.5359552
1.0160056
0.7630471
0.7515586
0.36300814
0.9907945
0.96418583
0.65299
0.42077407
0.99118674
0.9921298
0.76751095
0.47343618
1.0144904
0.89440364
0.7085589
0.51536226
1.0294498
0.80694604
0.82409227
0.3526503
0.99862385
0.9493995
0.6742321
0.53994334
1.0682111
0.770218
0.8601414
0.29844022
1.0005643
0.963204
0.73520774
0.4134824
1.0287029
0.933673
-0.0026924536
0.53726476
0.21716624
0.9608783
-0.01387313
0.62917316
0.26932445
0.9004446
0.0038238913
0.4114716
0.18476836
0.9804112
-0.025112003
0.6527185
0.33895802
0.8577005
0.0039031059
0.34270898
0.16096945
0.9990034
-0.011781581
0.49875712
0.24517664
0.99326754
-0.0014269203
0.5178802
0.31777024
0.9702846
-0.010100618
0.6166885
0.37904793
0.95197105
0.0022530109
0.40825304
0.27385354
0.9730971
-0.00496614
0.64828664
0.44983897
0.9033454
0.0064902455
0.3589183
0.25720453
0.9841207
-0.009029493
0.47329387
0.35154098
0.991642
0.02806218
0.56727713
0.46426153
0.9558745
0.0051879585
0.62122273
0.54834795
0.947842
0.060676187
0.49089092
0.38216493
0.9650318
0.01169619
0.6427699
0.6100832
0.9127169
0.094205245
0.4272286
0.35707253
0.9782733
0.0036157072
0.530793
0.5491748
0.9844108
0.106245935
0.56587964
0.56743747
0.957781
0.074257255
0.6168347
0.6791614
0.93975455
0.1733731
0.4933343
0.48681903
0.96286774
0.062117726
0.6438862
0.7665814
0.908651
0.24082045
0.44451407
0.46425033
0.9699781
0.057508826
0.5334108
0.66347325
0.981346
0.18484478
0.5622233
0.6470101
0.96077037
0.172156
0.6166457
0.73983884
0.9295783
0.26868507
0.50097597
0.5783584
0.9614271
0.15233243
0.6381538
0.8110977
0.90205467
0.33449647
0.45294353
0.55074716
0.9706565
0.111617446
0.52685785
0.713497
0.986904
0.3617312
0.5679778
0.8459282
0.9490771
0.2768707
0.6192513
0.87123203
0.92453986
0.41134772
0.50414604
0.70735955
0.95944554
0.23282284
0.6340748
0.8782546
0.90375876
0.42761528
0.45496202
0.6405308
0.967875
0.27872702
0.5398753
0.92024875
0.97863406
0.4423415
0.56526446
0.91147035
0.9544097
0.32936126
0.61638844
0.9292181
0.9317821
0.5140866
0.48286533
0.8226079
0.9596988
0.26490897
0.6386831
0.9411107
0.9069406
0.53383607
0.4313869
0.74501556
0.96412414
0.34380522
0.53874236
0.96657073
0.97889286
0.57628435
0.5604743
0.98115355
0.9498817
0.4615147
0.6104104
0.9649272
0.9374953
0.6279251
0.48742425
0.9717515
0.9714644
0.4020968
0.6364701
0.9728797
0.90392756
0.64833593
0.4318129
0.91668653
0.9735843
0.5167826
0.53255564
0.99041384
0.9885637
0.65505916
0.5486616
0.99273986
0.97050345
0.5836691
0.6149307
0.99732405
0.94091016
0.7085395
0.49006492
0.9962778
0.9964227
0.5347906
0.6481797
1.0319116
0.8980419
0.739226
0.47061968
0.99085534
0.9998568
0.61395025
0.5318395
1.0039623
0.99317265
0.7518803
0.5386839
1.0427002
0.97446954
0.68610895
0.594365
1.053028
0.9238334
0.80674154
0.44726998
1.0198367
1.0073991
0.66804343
0.63695806
1.0776055
0.8795976
0.8430144
0.42278698
1.014836
1.0166825
0.7037249
0.4842701
1.064738
1.0061862
-0.027077377
0.64259094
0.22765067
0.97443706
-0.029979005
0.7272428
0.26508588
0.9778478
-0.014445856
0.55764455
0.19178052
0.9855557
-0.01635088
0.75964016
0.36095697
0.9646016
-0.0016910434
0.5156046
0.1497375
1.0007985
-0.04865268
0.6004604
0.25297287
1.0002841
-0.0012331158
0.60133934
0.31636804
0.9769014
0.0099512935
0.70885265
0.40667853
0.9900634
-0.00053441525
0.52425796
0.2731424
0.9812617
0.0073162913
0.7429465
0.48558974
0.9806578
0.0068943873
0.47992846
0.2517729
0.99439406
-0.011167616
0.57082933
0.3470266
0.98521
0.01850897
0.6559025
0.49149805
0.9879701
-0.0026528537
0.71108645
0.6321646
0.99086183
0.06487174
0.5797512
0.37690812
0.9893926
-0.0027691126
0.7297145
0.6894621
0.9814024
0.11409521
0.5140349
0.36482787
0.9989919
-0.0038904846
0.6275142
0.5682415
1.0044141
0.079972535
0.65229124
0.6077163
0.9970555
0.050846785
0.7080864
0.74109924
0.99192977
0.16872084
0.5672514
0.48337048
0.9769493
0.031980783
0.73358876
0.84369266
0.9820238
0.24120691
0.51094043
0.46447846
0.9800179
0.05399978
0.6222073
0.6862085
1.004593
0.16282144
0.65504944
0.67721665
0.99430025
0.1482161
0.71249175
0.7943369
0.9899157
0.26505703
0.56910336
0.5854746
0.96695566
0.12338796
0.7353276
0.8968159
0.9807912
0.33907592
0.52073395
0.565139
0.9752375
0.12228274
0.6201314
0.7350619
1.0021168
0.3313863
0.66473603
0.8880737
0.99517393
0.22290072
0.71629316
0.9139066
0.9954669
0.40753245
0.5685681
0.7151259
0.9682901
0.16809136
0.73451173
0.923183
0.98592985
0.4300312
0.51703286
0.6586749
0.97021043
0.27323392
0.62499875
0.9153931
0.99873406
0.41104355
0.66276085
0.96246076
1.0014359
0.27436438
0.714536
0.9509649
0.9947613
0.50836873
0.5638867
0.838264
0.9819884
0.20172948
0.73370206
0.9576852
0.9830437
0.53514653
0.5121896
0.7636282
0.9772173
0.34499946
0.62185025
0.97350955
1.0037484
0.5499306
0.65283704
1.011903
1.0061493
0.44073382
0.7150448
1.0012858
0.9940397
0.6145149
0.57432723
0.9857976
1.0260977
0.37619662
0.73899555
0.99758565
0.9768877
0.6416804
0.51813984
0.91667074
1.0310414
0.50629056
0.62455034
1.025516
1.0249541
0.5617649
0.6312746
1.0449048
1.0099311
0.53757095
0.71415913
1.0055401
1.0217407
0.6214621
0.59684306
1.0444934
1.0204271
0.5472129
0.7379789
1.0311098
1.020973
0.7106483
0.580206
1.0104916
1.038916
0.5342989
0.59987336
1.0498958
1.0331872
0.71607774
0.6727574
1.0657699
1.0173738
0.67144716
0.73609185
1.071817
0.9998516
0.7774863
0.5986155
1.0330213
1.0273993
0.71572894
0.7539129
1.1196667
0.99902534
0.8327312
0.57170707
1.0239966
1.0056719
0.6689056
0.61679304
1.1182592
1.0318322
0.015903011
0.7749218
0.24179806
1.0018066
0.058729827
0.86687833
0.3629136
1.0336151
-0.023651794
0.71190053
0.1797262
1.0692148
0.09929977
0.84495986
0.49508315
1.0554496
-0.005108144
0.7293502
0.12377317
1.2628373
-0.0013878345
0.73771167
0.33610982
1.0178782
-0.0019304007
0.7672335
0.31550336
1.0205076
0.024338707
0.8304576
0.39080006
1.0204744
0.004132539
0.70603424
0.26982656
1.0466943
0.018490672
0.8532063
0.4660337
1.0130377
0.028055467
0.6511937
0.25330287
1.0768356
-0.010145649
0.730759
0.35543948
1.0534118
0.029803917
0.791318
0.43476593
1.0289143
0.031143129
0.82298386
0.5422541
1.0097293
0.0841288
0.698941
0.37176055
1.0601418
0.0030730665
0.85486895
0.68764794
1.0037032
0.12899086
0.6134227
0.3456264
1.101939
0.0014601648
0.73953146
0.49244204
1.0391877
0.123259306
0.77301896
0.55709493
1.0405079
0.087858945
0.81387687
0.6556437
1.0195178
0.18312506
0.68337625
0.46593964
1.0652156
0.039772123
0.85478055
0.8566866
1.0102155
0.24614605
0.6166992
0.4490457
1.0954698
0.10277085
0.73395514
0.600955
1.051038
0.22241396
0.7679271
0.6530346
1.0374476
0.1651152
0.8105332
0.73925245
1.021847
0.29343802
0.6875718
0.5735196
1.0634487
0.10628989
0.85238165
0.94199944
1.0115528
0.34652567
0.6322489
0.549982
1.0932057
0.1822846
0.73512113
0.6863934
1.0534303
0.34987444
0.7665358
0.7757923
1.0462542
0.21675676
0.81332636
0.8533245
1.031975
0.39643514
0.67971414
0.676394
1.059351
0.10218492
0.8474706
0.9437648
1.0165542
0.44359738
0.62103516
0.6557329
1.0862412
0.30702516
0.7319623
0.8216349
1.0586562
0.44642138
0.7664192
0.875893
1.0493925
0.2964793
0.8135462
0.933745
1.0283353
0.4963789
0.6780501
0.78856564
1.066119
0.17297184
0.84593076
0.9921721
1.0153174
0.54656684
0.61274266
0.7584169
1.0877095
0.40559885
0.7322762
0.9210975
1.055481
0.5775026
0.7606714
0.97967434
1.0512152
0.47861555
0.8060726
1.0112654
1.028367
0.60709363
0.699828
0.90604705
1.0829006
0.37541926
0.8417619
1.0538898
1.0160543
0.6418147
0.6359209
0.8585143
1.1155597
0.53478885
0.7177652
1.0320098
1.0682954
0.64016724
0.75835824
1.0331378
1.0262954
0.59153163
0.8231121
1.0013546
1.0252643
0.68033695
0.7158575
1.0349684
1.0948095
0.5756599
0.848532
1.0504866
1.023979
0.7274784
0.686558
1.0057757
1.1624539
0.59688807
0.71692383
1.0499747
1.0790074
0.71608037
0.8046777
1.143406
1.1161411
0.69229233
0.8553115
1.176826
1.0854437
0.78758025
0.7506337
1.0943068
1.1614475
0.70419896
0.8513056
1.2703977
1.0702382
0.87607336
0.7637844
1.0691744
1.2152177
0.67133665
0.7752712
1.2398807
1.1387919
-0.060846597
-0.20591591
0.41269848
0.31341702
-0.16092311
-0.09791614
0.38331497
0.29907924
-0.013907835
-0.2065797
0.33483416
0.42931813
-0.14902969
-0.057509094
0.45238703
0.25995997
-0.029416546
-0.08727181
0.283428
0.51350886
-0.10974634
-0.22079633
0.41500616
0.4527377
0.015411049
-0.06423096
0.6262846
0.38902265
-0.035324752
-0.03805822
0.75011986
0.2957715
0.07780008
-0.13617887
0.4869284
0.44883507
-0.04541254
-0.025124177
0.818043
0.27661532
0.10720186
-0.16248667
0.46618086
0.48983306
-0.043887734
-0.08815548
0.70024735
0.4279329
0.20621821
-0.026806861
0.83849347
0.3957093
0.09806827
-0.010780662
0.94153893
0.33743528
0.29779184
-0.11183569
0.7282685
0.4272447
0.049583286
-0.00076793134
0.9742451
0.3228122
0.32836094
-0.14121622
0.6861149
0.4560249
0.15617356
-0.05421637
0.91250503
0.42838222
0.3893312
-0.04471731
0.9867557
0.42179906
0.27070612
-0.02626811
1.043752
0.35052466
0.49179912
-0.12677798
0.94040954
0.4395887
0.21144304
-0.011685193
1.0780867
0.32419956
0.5225763
-0.15811789
0.91243273
0.46092957
0.30631965
-0.08406997
1.0217159
0.46628302
0.64851147
-0.09055871
1.1472201
0.4440378
0.5664716
-0.0633066
1.2491854
0.34874788
0.69732773
-0.13629754
1.0878257
0.4673208
0.49616778
-0.038770393
1.2883353
0.29418242
0.716756
-0.14862579
1.0659798
0.4715804
0.5787562
-0.12908965
1.1753446
0.50737673
-0.020814136
-0.017615527
0.33235854
0.6308677
-0.08297016
0.07066457
0.39762378
0.50170493
-0.01230751
-0.03678745
0.30039978
0.78881663
-0.12304211
0.12509838
0.45292825
0.44635913
-0.010672137
-0.03380251
0.282058
0.82862884
-0.03514862
-0.035310626
0.37869716
0.70484245
0.017736197
-0.002268523
0.6050714
0.6580539
-0.015149355
0.037425414
0.6969986
0.50972533
0.0695329
-0.00718987
0.5196204
0.7458941
-0.030185789
0.07803537
0.76396465
0.45671207
0.08606148
-0.021066338
0.49408907
0.76749575
-0.02140364
-0.004103899
0.69479287
0.79998744
0.14170167
0.016597092
0.91822195
0.5762165
0.074139655
0.043156654
0.9636397
0.5110961
0.2792132
0.0045784414
0.7930088
0.65510416
0.04463896
0.059675053
0.9704294
0.48159468
0.32443655
-0.016779095
0.72318923
0.69533336
0.072926104
0.0121999085
0.97360057
0.6619396
0.3848603
-0.0037542284
0.99512875
0.6377779
0.25475147
0.026083454
0.99907506
0.5090927
0.49364796
-0.001843065
0.98051345
0.71938074
0.17856711
0.06493987
1.0219877
0.45385373
0.52563584
-0.021302521
0.96765804
0.7421601
0.27567
-0.017415285
1.0037313
0.76486325
0.60310113
-0.001137495
1.1002216
0.62026256
0.5343925
0.045202687
1.1839442
0.4941929
0.7122156
0.019011527
1.026614
0.75506103
0.504991
0.0880875
1.2334106
0.45481586
0.7415072
0.024515778
1.0174505
0.7987896
0.5177003
-0.005830884
1.1542714
0.73943925
-0.03577259
0.15346733
0.32706362
0.87591517
-0.09102163
0.29053813
0.3809389
0.7439354
-0.0074703693
0.018396974
0.28863776
0.97965044
-0.117588505
0.33898056
0.4384448
0.6721418
-0.0064631104
0.014888495
0.2741695
0.98229027
-0.043257654
0.09475705
0.3725725
0.9187809
0.011288762
0.1842865
0.5726801
0.9116628
-0.008531511
0.2920426
0.66223276
0.7726449
0.047997996
0.113877445
0.5180133
0.9671844
-0.0114586055
0.33153862
0.7166796
0.6998761
0.06729294
0.08711943
0.4948004
0.97243893
-0.0018045902
0.11297184
0.64008504
0.9658825
0.1453127
0.21665803
0.90174496
0.8441613
0.07164827
0.29836553
0.9648936
0.7427786
0.2719664
0.14799196
0.77639467
0.94770795
0.04540193
0.3233534
0.9596343
0.71024716
0.3133406
0.11115593
0.72310334
0.9771983
0.07550001
0.16902193
0.9611732
0.92174804
0.41774628
0.20324767
0.9887476
0.9242135
0.30327392
0.27968496
0.98786354
0.77572423
0.48582157
0.13048455
1.0061922
0.9738282
0.21564442
0.31894574
0.9977698
0.70222354
0.5116221
0.09890479
1.0053004
0.98199874
0.34224752
0.12497231
0.98739505
0.9897829
0.6258836
0.15647313
1.0801208
0.9037814
0.55438626
0.25498423
1.1619757
0.7573024
0.7159037
0.115831494
1.0274444
0.971676
0.49617323
0.3057518
1.2153745
0.6984298
0.73468894
0.111079544
1.0299431
0.9716399
0.5872576
0.13175738
1.1192127
0.9453312
-0.039904073
0.36036074
0.34616673
1.0242459
-0.07908216
0.5058791
0.4015409
0.9541219
-0.00791277
0.113047004
0.29443228
1.0558157
-0.11153981
0.55449986
0.46459332
0.8995776
-0.006355077
0.085149586
0.2702746
1.0453308
-0.049317285
0.22011659
0.3851192
1.0354036
-0.010918826
0.42800924
0.720574
0.999732
-0.0065060556
0.50603235
0.8112854
0.9661771
0.04904951
0.30331337
0.5350937
1.0002111
0.0035037398
0.53991276
0.8375917
0.93874913
0.079037935
0.23859993
0.48693594
1.0068768
-0.026463926
0.31889787
0.860619
1.002299
0.0689601
0.42906812
0.95113206
0.9829998
0.01935476
0.4948046
1.0062966
0.96945906
0.2510742
0.355584
0.792228
1.0225699
0.010340631
0.51570404
0.98605055
0.96967435
0.31383348
0.29207733
0.7146456
1.0383314
0.0061464906
0.38319245
1.0147471
0.9983288
0.32316312
0.42720458
0.99057806
1.0108941
0.1667591
0.4958557
0.992628
0.96136284
0.46531394
0.34581223
0.99553406
1.0395736
0.1061959
0.5320126
0.98863184
0.9309051
0.508339
0.28342155
0.9831175
1.0590234
0.12822282
0.33998376
0.9989141
1.0389249
0.58923185
0.32254207
1.1056219
1.0167902
0.51348805
0.4453245
1.1604917
0.96794844
0.71705776
0.24843311
1.0416462
1.0311453
0.46126243
0.50489455
1.1910586
0.9296709
0.74220586
0.24260029
1.0406474
1.0263892
0.52210397
0.2551101
1.1569421
1.0444722
-0.07864334
0.556425
0.38711864
1.1419473
-0.09119037
0.65368867
0.44336912
1.1129565
-0.01401338
0.436118
0.31096563
1.17864
-0.11921352
0.72305375
0.47062892
1.0721902
0.0012459308
0.40853363
0.2776484
1.163548
-0.09096536
0.505072
0.43132982
1.166218
0.014344931
0.6155286
0.6925265
1.0706464
-0.0060477257
0.6902557
0.8338053
1.0203362
0.06036383
0.5492028
0.523703
1.1248363
-0.01251325
0.7208211
0.87767994
1.0114427
0.10126598
0.48531696
0.49190235
1.1650925
-0.0024204254
0.5699849
0.7604742
1.0810351
0.13055295
0.6445996
0.8961435
1.05897
0.066414714
0.6839777
0.978755
1.0152675
0.25917977
0.59726715
0.774059
1.1397601
0.052135646
0.69487965
0.9746415
1.008293
0.31651294
0.54700994
0.7104578
1.1965612
0.08472788
0.60638607
0.95516694
1.0759127
0.31377733
0.6343904
1.0052022
1.0702415
0.13975209
0.69745016
1.0322235
1.0341663
0.4788115
0.58159673
0.98640454
1.1550187
0.09171641
0.72578186
1.0172805
1.0193748
0.5322561
0.5259699
0.9622904
1.209156
0.14803338
0.59323204
1.0234715
1.1011102
0.6196016
0.5670334
1.157955
1.196186
0.55476654
0.645174
1.1894147
1.1520125
0.69719183
0.52255225
1.1470776
1.2218746
0.49271542
0.7278648
1.1706655
1.1208909
0.75332296
0.48615626
1.1239314
1.2192837
0.58064246
0.49941936
1.2034202
1.2080809
0.0012598038
-0.05091326
0.51009536
0.54070216
-0.016492307
-0.02546987
0.6287082
0.4390376
0.017916143
-0.07696086
0.4267347
0.66047364
-0.0053041577
-0.018750012
0.74998283
0.38606402
0.008131534
-0.06578642
0.39400527
0.7686474
-0.0036499202
-0.07473022
0.5596745
0.5736351
0.118783444
-0.019091457
0.9112345
0.5174724
0.084694
-0.0073566437
0.9461925
0.4643167
0.24791598
-0.09856248
0.77823544
0.6491861
0.06646326
-0.006972596
0.97237587
0.43230718
0.2714712
-0.10525414
0.7329785
0.75698686
0.08775815
-0.028073281
0.9475132
0.5701251
0.4983348
-0.049279317
1.0502967
0.50616735
0.37266558
0.0048435926
1.0683858
0.43503
0.5939388
-0.11563945
1.012148
0.61805665
0.2721946
0.008328542
1.0765795
0.40486485
0.60772824
-0.11507958
1.0271807
0.7242287
0.45272908
-0.06815836
1.07127
0.55422866
-0.004367858
0.08502895
0.49602845
0.9165898
-0.0544326
0.21283504
0.64169574
0.7957649
0.012082234
0.043607116
0.45890015
0.9502448
-0.048080593
0.2510571
0.7771063
0.7336205
0.0084261745
0.0143405795
0.42360032
0.9543478
-0.011723399
0.04954341
0.54746324
0.9487492
0.056515127
0.08858162
0.9684533
0.9651939
0.0017178655
0.17322817
1.022912
0.93937683
0.069883704
0.02254185
0.92106026
0.98976433
-0.020697594
0.21598622
1.0190028
0.8910761
0.13212565
-0.0074627697
0.83362424
0.9862695
0.008608818
0.03449726
1.0137522
1.0012875
0.4664724
0.09198475
1.0484933
0.95828724
0.30081815
0.23538709
1.0726492
0.8304291
0.54868656
0.05550152
1.0103889
0.9997248
0.16472727
0.25863752
1.081579
0.7786788
0.57400733
0.011688352
1.0244992
1.011742
0.4209134
0.07439795
1.043489
0.9860587
-0.023050815
0.4736285
0.49227914
1.0385323
-0.059105158
0.55078006
0.6282836
1.0084137
0.0023896098
0.3466611
0.42731285
1.046377
-0.05530736
0.5874686
0.7697408
1.0008821
-0.004278451
0.22948211
0.38989004
1.0312431
-0.043860942
0.43124983
0.5440856
1.0620745
0.059260428
0.48699787
0.9603403
1.0217845
0.008472979
0.5018318
1.0115728
0.9988672
0.18743557
0.39663818
0.81071866
1.1054643
0.0028070807
0.52084565
1.0294654
1.009779
0.24981278
0.28090882
0.7412176
1.1012636
0.02394414
0.45134276
0.9717433
1.0268402
0.42853883
0.4630766
1.0291091
1.039586
0.29540062
0.561044
1.0390031
1.0208547
0.53675854
0.3611062
1.0088829
1.0775926
0.15587401
0.57415557
1.0575602
1.037963
0.5737633
0.23270538
1.0123985
1.0523093
0.39082703
0.45802632
1.035823
1.032458
0.011245638
-0.0060732067
0.684091
0.7260233
-0.0072876513
0.012693018
0.94136393
0.59033835
0.0064002573
-0.0041970015
0.5889082
0.9420651
-0.014687777
0.0016317368
0.9810362
0.536707
0.01197511
0.0026735067
0.5302308
0.99173075
0.0025485754
-0.014057964
0.7283002
0.7702247
0.28443366
-0.016768724
0.98856276
0.72439754
0.102232516
0.0156475
1.0398326
0.57070065
0.39785355
-0.0303033
1.0103455
0.95685786
0.03513533
0.0061179698
1.0070579
0.53425086
0.45461202
-0.011253059
1.0321211
0.9899964
0.2516999
-0.020651877
0.9882858
0.74632573
0.02457428
0.30226666
0.69620436
1.0130506
-0.013047457
0.4222974
0.9838629
1.000398
0.008911908
0.07443881
0.58245826
1.0222934
-0.0034849048
0.45029247
0.9995088
0.9989896
0.0032431185
0.034205735
0.52870035
1.0289435
0.016604453
0.25797722
0.73645973
1.0273767
0.28512537
0.292875
1.0166208
1.0054646
0.06276789
0.41500542
1.0286611
1.0026267
0.3978558
0.09158963
1.0153264
1.0083754
0.013710439
0.4423949
1.0186765
1.0003767
0.43406352
0.0386526
1.0133224
1.0026035
0.24612728
0.25584778
1.0169246
1.0119612
0.005804479
0.03213489
1.0054481
0.98476005
-0.0020005703
0.0013622642
0.9991789
0.99184597
-0.0024597645
0.007710725
1.0165439
1.0039492
0.0017700195
0.1613993
1.0140681
0.85322124
0.15861389
0.004265487
0.8277651
1.0223005
0.004395306
0.0234783
1.0112696
0.9907558
Shape: (1, 1917, 4, )
