3.0
0.04210283
0.004395306
0.0234783
1.0112696
0.9907558
5.0
0.014579238
0.008608818
0.03449726
1.0137522
1.0012875
8.0
0.56006104
0.004395306
0.0234783
1.0112696
0.9907558
9.0
0.016510786
-0.0020005703
0.0013622642
0.9991789
0.99184597
12.0
0.026333759
-0.0020005703
0.0013622642
0.9991789
0.99184597
15.0
0.011674087
0.005804479
0.03213489
1.0054481
0.98476005
17.0
0.040554177
0.008608818
0.03449726
1.0137522
1.0012875
18.0
0.023148704
-0.0024597645
0.007710725
1.0165439
1.0039492
19.0
0.013391987
0.008608818
0.03449726
1.0137522
1.0012875
20.0
0.03966379
0.008608818
0.03449726
1.0137522
1.0012875
Shape: (10, 6, )
